# This puzzle is solvable
100
    1     2     3     4     5     6     7     8     9    10    11    12    13    14    15    16    17    18    19    20    21    22    23    24    25    26    27    28    29    30    31    32    33    34    35    36    37    38    39    40    41    42    43    44    45    46    47    48    49    50    51    52    53    54    55    56    57    58    59    60    61    62    63    64    65    66    67    68   464    69   465    70    73    74    75    76    77    78    79    80    81    82    83    84    85    86    87    88    89    90    91    92    93    94    95    96    97    98    99   100
  396   397   398   399   400   401   402   403   404   405   406   407   408   409   410   411   412   413   414   415   416   417   418   419   420   421   422   423   424   425   426   427   428   429   430   431   432   433   434   435   436   437   438   439   440   441   442   443   444   445   446   447   448   449   450   451   452   453   454   455   456   457   458   459   460   461   850   462   852   853    71    72   467  1235   470   471   472   473   474   476   477   478   865   479   481   868   482   483   484   485   486   487   488   489   490   491   492   493   494   101
  395   784   785   786   787   788   789   790   791   792   793   794   795   796   797   798   799   800   801   802   803   804   805   806   807   808   809   810   811   812   813   814   815   816   817   818   819   820   821   822   823   824   825   826   827   828   829   830   831   832   833   834   835   836   837   838   839   840   841   842   843   844   845   846  1226   847   848   463   851  1602  1231   854   469   468   857   858   859   860   862  1613   863   864   866   867   480  1248  1247   870   871   872   873   874   875   876   877   878   879   880   495   102
  394   783  1164  1165  1166  1167  1168  1169  1170  1171  1172  1173  1174  1175  1176  1177  1178  1179  1180  1181  1182  1183  1184  1185  1186  1187  1188  1189  1190  1191  1192  1193  1194  1195  1196  1197  1198  1199  1200  1201  1202  1203  1204  1205  1206  1207  1208  1209  1210  1211  1212  1213  1214  1215  1216  1217  1218  1219  1220  1221  1222  1223  1224  1225  1597  1599   849  1229  1230   466  1233  1234   856   855  1236  1237  1238  1975  1241  1242   475  1243  1244  1245  1246  1618   869  1249  1250  1251  1252  1253  1254  1255  1256  1257  1258   881   496   103
  393   782  1163  1536  1537  1538  1539  1540  1541  1542  1543  1544  1545  1546  1547  1548  1549  1550  1551  1552  1553  1554  1555  1556  1557  1558  1559  1560  1561  1562  1563  1564  1565  1566  1567  1568  1569  1570  1571  1572  1573  1574  1575  1576  1577  1578  1579  1580  1581  1582  1583  1584  1585  1586  1587  1588  1589  1590  1591  1592  1593  1594  1595  1959  1596  1228  1227  1600  1601  1603  1232  1604  1605  1606  1607  1608  1610  1973   861  1239  1611  1614  1616  1980  1979  1617  1619  1620  1621  1622  1623  1624  1625  1626  1627  1628  1259   882   497   104
  392   781  1162  1535  1900  1901  1902  1903  1904  1905  1906  1907  1908  1909  1910  1911  1912  1913  1914  1915  1916  1917  1918  1919  1920  1921  1922  1923  1924  1925  1926  1927  1928  1929  1930  1931  1932  1933  1934  1935  1936  1937  1938  1939  1940  1941  1942  1943  1944  1945  1946  1947  1948  1949  1950  1951  1952  1953  1954  1955  1956  2312  1957  1958  1960  1598  1962  1963  1964  1965  1966  1967  1968  1969  1970  2326  1609  1974  1240  1612  1976  1977  1615  1978  1981  2336  1982  1983  1984  1985  1986  1987  1988  1989  1990  1629  1260   883   498   105
  391   780  1161  1534  1899  2256  2257  2258  2259  2260  2261  2262  2263  2264  2265  2266  2267  2268  2269  2270  2271  2272  2273  2274  2275  2276  2277  2278  2279  2280  2281  2282  2283  2284  2285  2286  2287  2288  2289  2290  2291  2292  2293  2294  2295  2296  2297  2298  2299  2300  2301  2302  2303  2304  2305  2306  2654  2307  2308  2310  2311  2659  2313  2314  2315  1961  2317  2318  2319  2320  2321  2322  2323  2324  2325  1972  1971  2327  2329  2330  2331  2332  2333  2334  2682  2335  2337  2338  2339  2340  2341  2342  2343  2344  1991  1630  1261   884   499   106
  390   779  1160  1533  1898  2255  2604  2605  2606  2607  2608  2609  2610  2611  2612  2613  2614  2615  2616  2617  2618  2619  2620  2621  2622  2623  2624  2625  2626  2627  2628  2629  2630  2631  2632  2633  2634  2635  2636  2637  2638  2639  2640  2641  2642  2643  2644  2645  2646  2647  2648  2649  2650  2651  2652  2653  2655  2994  2309  2657  2658  2998  2660  2661  3001  2316  2664  2665  2666  2667  2668  2669  2670  2671  2672  2673  2675  2328  2676  2677  2678  2679  2680  2681  3021  2683  2684  2685  2686  2687  2688  2689  2690  2345  1992  1631  1262   885   500   107
  389   778  1159  1532  1897  2254  2603  2944  2945  2946  2947  2948  2949  2950  2951  2952  2953  2954  2955  2956  2957  2958  2959  2960  2961  2962  2963  2964  2965  2966  2967  2968  2969  2970  2971  2972  2973  2974  2975  2976  2977  2978  2979  2980  2981  2982  2983  2984  2985  2986  2987  2988  2989  2990  2991  2992  2993  3650  2656  2996  3328  2997  2999  3000  2663  2662  3002  3004  3005  3006  3007  3008  3009  3010  3012  3013  2674  3014  3015  3016  3017  3018  3019  3020  3022  3353  3024  3355  3025  3026  3027  3028  2691  2346  1993  1632  1263   886   501   108
  388   777  1158  1531  1896  2253  2602  2943  3276  3277  3278  3279  3280  3281  3282  3283  3284  3285  3286  3287  3288  3289  3290  3291  3292  3293  3294  3295  3296  3297  3298  3299  3300  3301  3302  3303  3304  3305  3306  3307  3308  3309  3310  3311  3312  3313  3314  3315  3316  3317  3318  3319  3320  3321  3322  3961  3323  3647  2995  3649  3327  3329  3330  3332  3333  3656  3003  3335  3336  3337  3338  3339  3663  3340  3011  3344  3666  3345  3346  3347  3348  3349  3350  3351  3352  3354  3677  3023  3356  3357  3358  3029  2692  2347  1994  1633  1264   887   502   109
  387   776  1157  1530  1895  2252  2601  2942  3275  3600  3601  3602  3603  3604  3605  3606  3607  3608  3609  3610  3611  3612  3613  3614  3615  3616  3617  3618  3619  3620  3621  3622  3623  3624  3625  3626  3627  3628  3629  3630  3631  3632  3633  3634  3635  3636  3637  3638  3639  3640  3641  3957  3642  3643  3645  4268  3962  3324  3648  3326  3651  3652  3653  3655  3970  3657  3334  3658  3659  3975  3660  3977  3662  3342  3341  3343  3667  3668  3669  3670  3671  3672  3673  3674  3675  3991  3676  3678  3679  3680  3359  3030  2693  2348  1995  1634  1265   888   503   110
  386   775  1156  1529  1894  2251  2600  2941  3274  3599  3916  3917  3918  3919  3920  3921  3922  3923  3924  3925  3926  3927  3928  3929  3930  3931  3932  3933  3934  3935  3936  3937  3938  3939  3940  3941  3942  3943  3944  3945  3946  3947  3948  3949  3950  3951  3952  3953  3954  3955  4263  3956  3958  3644  3960  3959  3646  3325  3964  3965  3966  3967  3969  3331  4276  3971  3972  3973  3974  3661  4283  3976  3664  3978  3979  3665  3981  3983  3984  3985  3986  3987  3988  3989  4298  4297  3992  3993  3994  3681  3360  3031  2694  2349  1996  1635  1266   889   504   111
  385   774  1155  1528  1893  2250  2599  2940  3273  3598  3915  4224  4225  4226  4227  4228  4229  4230  4231  4232  4233  4234  4235  4236  4237  4238  4239  4240  4241  4242  4243  4244  4245  4246  4247  4248  4249  4250  4251  4252  4253  4254  4255  4256  4257  4258  4259  4260  4261  4262  4264  4563  4265  4266  4566  3963  4270  4269  4271  4272  4273  4275  3968  3654  4278  4279  4869  4280  4281  4282  4284  4285  4584  4286  3980  4287  3982  4289  4291  4293  4881  4294  4295  4296  3990  4299  4598  4300  3995  3682  3033  3361  2695  2350  1997  1636  1267   890   505   112
  384   773  1154  1527  1892  2249  2598  2939  3272  3597  3914  4223  4525  4523  4526  4527  4819  4528  4530  4531  4532  4533  4534  4535  4536  4537  4538  4539  4540  4541  4542  4543  4544  4545  4546  4547  4548  4549  4550  4551  4552  4553  4554  4555  4556  4848  4557  4559  4851  4560  4561  4564  4855  4565  4857  4267  4568  4567  4570  4572  4862  4571  4864  4574  4575  4277  4577  4578  4579  4581  4582  4583  4876  4875  4586  4589  4288  4290  4591  4292  4884  4592  4885  4594  4596  4595  4599  3996  3362  3363  3684  3032  2696  2351  1998  1637  1268   891   506   113
  383   772  1153  1526  1891  2248  2597  2938  3271  3596  3913  4222  4522  4524  4816  4817  4818  4529  4821  4822  4823  4824  4825  4826  4827  4828  4829  4830  4831  4833  5115  4832  4835  4836  4837  4838  4839  4840  4841  4842  4843  4844  4845  4846  4847  5131  4558  4849  4850  5411  4562  4853  4856  5416  5141  4858  4569  4859  4861  5144  4863  4573  4274  4866  4576  4867  4868  5154  4580  4872  4873  4585  5157  5159  4877  4587  4878  4588  4880  4882  4883  4593  5168  4886  4887  4597  4889  4301  3683  3997  3365  3034  2697  2352  1999  1638  1269   892   507   114
  382   771  1152  1525  1890  2247  2596  2937  3270  3595  3912  4221  4521  4815  5100  5101  5102  4820  5103  5104  5106  5107  5108  5109  5110  5111  5112  5113  5114  5391  5117  4834  5118  5119  5120  5121  5122  5123  5124  5125  5126  5127  5128  5129  5130  5406  5132  5133  5134  4852  5410  4854  5413  5139  5138  4860  5142  5143  5145  5146  5422  5147  4865  5150  5692  5425  4870  5152  4871  5429  5155  4874  5433  5158  5160  5161  4879  5163  4590  5164  5166  5167  5443  5445  5169  4888  4303  4302  3998  3685  3035  3036  2698  2353  2000  1639  1270   893   508   115
  381  1151  1150  1524  1889  2246  2595  2936  3269  3592  3594  4219  4220  4814  5099  5376  5377  5378  5647  5105  5381  5382  5383  5384  5385  5386  5387  5914  5388  5389  5116  5392  5393  5394  5395  5396  5397  5398  5399  5400  5401  5402  5403  5404  5405  5673  5407  5408  5409  5137  5135  5136  5412  5414  5140  5415  5417  5418  5419  5420  5949  5421  5148  5950  5149  5151  5426  6205  5153  5430  5697  5156  5432  5434  5435  5437  5162  5438  5439  5165  5441  5708  5442  5709  4890  5170  5172  4600  3999  3364  3687  3037  2699  2354  2001  1640  1271   894   509   116
  769   770  1149  1522  1523  1888  2245  2594  2935  3267  3911  3593  4519  4813  5098  5375  5904  5645  5380  5379  5648  5906  5650  5651  5652  5653  5654  5916  5655  5390  5658  5659  5660  5661  5662  5663  5664  5665  5666  5667  5668  5669  5670  5671  5931  5672  5674  5675  5676  5677  5678  5679  5680  5681  5682  5683  5684  5685  5686  5687  5688  5689  5424  5423  5691  5953  5428  5693  5427  5696  5431  5699  5700  5701  5702  5436  5704  5705  5707  5440  5966  5967  5171  5444  4602  4601  4892  4304  4000  3366  3686  3038  2700  2002  2003  1641   895  1274   510   117
  379   380   767  1521  1887  2244  2593  2934  3266  3909  3910  3907  4217  4812  5097  5374  5644  5903  5646  5905  5907  5649  6159  5909  5911  5912  5913  5657  5915  5656  5917  5918  5919  5920  5921  5922  5923  5924  5925  5926  5927  5928  6180  5929  5930  5932  5933  5934  5935  5936  5937  5938  5939  5940  5941  5942  5943  5944  5945  5946  5948  6200  5951  6202  6203  6447  5695  5955  5954  6207  5698  5956  5959  5961  5962  5703  5963  5706  5964  5965  6217  5968  5710  5446  5173  5174  4891  4305  4306  4001  3367  3039  2357  2355  1642  1273  1272   896   513   511
  376   768   378  1886  1884  2243  2591  2592  2933  3591  3590  3268  4218  4811  5096  5373  5643  5642  6156  6157  6158  6402  5908  5910  6161  6163  6407  6164  6166  6167  6168  6169  6170  6171  6172  6173  6174  6175  6176  6177  6178  6179  6181  6424  6182  6183  6184  6185  6186  6187  6188  6189  6190  6191  6192  6193  6194  6195  6196  6676  5947  6197  6201  6444  5952  6446  5694  6204  6206  5957  6209  5958  6210  5960  6212  6213  6214  6216  6459  6460  6218  5712  5175  5711  4893  4894  4606  4603  4307  3688  3368  2703  2356  2701  2704  1643  1275   512   120   118
  765  1146   377  1147  1520  1885  2241  2932  3265  3908  4520  4517  4518  4810  5095  5372  5641  5902  6155  6400  6401  6403  6160  6404  6162  6405  6406  6165  6408  6409  6411  6412  6413  6414  6650  6417  6651  6418  6419  6420  6421  6422  6658  6423  6425  6426  6427  6428  6429  6430  6431  6432  6433  6434  6435  6436  6437  6438  6439  6198  6199  5690  6442  6443  6445  6681  6448  6683  6449  6451  6208  6452  6454  6211  6455  6456  6458  6917  6215  6219  6461  6220  5969  5448  5447  4605  4003  4604  4312  3689  3691  3040  2702  2005  2004  1645  1644   899   897   119
  375   764  1145  1519  1148  2590  2242  2931  3264  3589  4215  4216  4516  4809  5094  5371  5640  5901  6154  6399  6636  6637  6638  6639  6640  6641  6642  6643  6871  6410  6646  6647  6648  6649  6416  6415  6879  6653  6654  6655  6656  6657  6885  6659  6660  6661  6662  6663  6664  6665  6666  6667  6668  6669  6670  6671  6672  6673  6674  6675  6440  6441  6678  6679  6680  6682  6909  6684  6911  6685  6686  6912  6453  6689  6690  6691  6692  6457  6462  6693  6694  5970  5713  5176  4607  4895  4309  4310  4004  3690  4002  3369  2359  2360  2358  2006   898  1276   515   121
  763   762   766  1517  1883  2240  2589  2930  3263  3588  3906  3905  4515  4808  5093  5370  5639  5900  6153  6398  6635  6864  6865  6866  6867  6868  6869  6644  6870  6645  7092  7091  6875  6876  6877  6878  6880  7309  6881  6882  6883  7103  6884  6886  6887  6888  6889  6890  6891  6892  6893  6894  6895  6896  6897  6898  6899  6900  6901  6903  7122  6677  6905  6906  6907  6908  7128  6910  7131  6450  7132  6687  6688  6914  6916  6919  6920  6695  6696  6221  6222  5971  5449  5714  5715  5177  4608  4308  4896  3370  3041  3042  2705  2361  2007  1646  1277   514   516   122
  374  1518  1144  1515  1882  2239  2588  2929  3262  3587  4212  4214  4514  4807  5368  5092  5638  5899  6152  6397  6634  6863  7084  7085  7086  7087  7088  7089  7301  6872  6874  6873  7094  7095  7096  6652  7310  7098  7100  7101  7102  7315  7314  7105  7106  7107  7108  7109  7110  7111  7112  7114  7325  7115  7117  7328  7118  7120  7121  6902  7123  6904  7124  7125  7126  7127  7339  7130  6913  7342  7135  6915  7136  7347  7137  6918  7138  6921  6697  6463  5973  5972  5716  5452  5451  4609  4311  4007  4005  3693  3371  3373  2707  2706  2008  1647  1278   900   123   124
  372  1143  1516  1881  1880  2238  2928  2927  3261  3585  4213  3904  4513  4511  4806  5369  5637  5898  6151  6396  6633  6862  7083  7296  7297  7298  7299  7300  7302  7090  7303  7506  7093  7304  7305  7510  7097  7099  7311  7312  7313  7517  7104  7316  7317  7318  7319  7320  7321  7323  7324  7113  7326  7327  7116  7531  7329  7119  7331  7332  7333  7334  7538  7335  7336  7337  7542  7129  7341  7343  7546  7134  7548  7345  7346  7348  7139  6922  6464  6223  5974  5717  5178  5450  5179  4897  4898  4313  3694  3372  3692  2362  3044  2363  2010  2009  1648   901   518   517
 1513   761   373  1514  2237  2586  2587  2926  3260  3903  4805  3902  5090  4803  5091  5366  5636  5897  6150  6395  6632  6861  7082  7295  7500  7501  7502  7503  7504  7505  7701  7507  7702  7704  7509  7511  7512  7513  7514  7710  7515  7516  7518  7519  7520  7521  7522  7523  7524  7322  7526  7527  7528  7529  7530  7532  7727  7330  7534  7535  7536  7537  7733  7539  7540  7541  7738  7340  7544  7545  7547  7133  7344  7549  7550  7349  7140  6923  6698  6465  6224  5975  5718  5453  5180  4899  4610  4008  4006  3695  3375  3043  3045  2708  2011  1649   904   902   903   125
 1140  1142  1139   760  1878  1879  2585  3259  3584  3583  3586  4512  4211  5088  5367  5089  5635  5896  6394  6393  6631  6860  7081  7294  7499  7696  7697  7698  7699  7700  7888  8068  7705  7308  7306  8071  7894  7707  7897  7709  7712  7899  7713  7714  7715  7716  7717  7718  7907  7525  7720  7721  7723  7724  7725  7726  7728  7533  7729  7730  7731  7732  7734  7921  7736  7338  7924  7737  7739  7740  7741  7742  7930  7743  7744  7350  7141  6924  6699  6466  6225  5976  5719  5454  5181  4900  4611  4314  4009  3696  3046  3374  2709  2364  1650  1280  1279   905   519   126
  370  1511   758  1141  1512  1877  2584  2925  3258  3901  3900  4209  4210  4802  4804  5365  5634  5895  6149  6392  6630  6859  7080  7293  7498  7695  7884  7885  7886  7887  8067  7890  7889  7508  7706  7892  7307  7708  7711  8077  8076  7898  7900  7901  7902  7903  7904  7905  7719  8086  7908  7722  7910  7911  7912  7913  7914  7915  7916  7917  7918  7919  7920  7922  7735  7923  7925  7543  7926  7927  7928  7929  7745  7553  7552  7551  7144  6925  6700  6467  6226  5977  5720  5455  5182  4901  4612  4315  4010  3697  3376  3047  2710  2365  2012  1651  1281  1282   520   127
  371   369  1138  1510  2235  2236  2234  2924  3257  3582  3899  4208  4510  4509  5087  5364  5633  5894  6147  6148  6629  6858  7079  7292  7497  7694  7883  8064  8065  8066  8238  8239  7703  7891  8072  8073  7893  7895  8074  8247  8075  8078  8079  8080  8081  8082  8083  8084  7906  8257  8087  7909  8088  8090  8091  8092  8093  8094  8095  8096  8097  8098  8099  8100  8101  8102  8103  8104  8105  8106  8107  8108  7931  7352  7143  7351  6926  6927  6701  6468  6227  5978  5721  5456  5183  4902  4613  4316  4011  3698  3377  3048  2711  2366  2013  1652  1283   906   521   128
  368   759   757  1137  1876  2233  2582  2923  3256  3581  3897  4207  4508  4801  5086  5363  5631  5632  6146  6391  6628  6857  7078  7291  7496  7693  7882  8063  8236  8237  8240  8402  8241  8070  8242  8243  8244  8245  7896  8246  8248  8249  8250  8251  8252  8253  8254  8255  8085  8258  8421  8259  8089  8260  8261  8263  8264  8265  8266  8267  8268  8269  8270  8271  8272  8273  8274  8275  8276  8277  8278  7932  7748  7555  7554  7142  6928  7353  6702  6469  6228  5979  5722  5457  5184  4903  4614  4317  4012  3699  3378  3049  2712  2367  2014  1653  1284   907   522   129
  367   755  1509  1136  1875  2583  2581  3898  3252  3579  4206  4507  4800  5085  5362  5359  5361  5893  6145  6390  6627  6856  7077  7290  7495  7692  7881  8062  8235  8400  8401  8557  8069  8404  8405  8406  8407  8408  8409  8410  8411  8412  8413  8414  8415  8416  8417  8418  8256  8419  8576  8422  8423  8425  8262  8426  8427  8428  8429  8430  8431  8432  8433  8434  8435  8436  8437  8438  8439  8440  8279  8110  8109  7746  7747  7145  7354  6929  6703  6470  6229  5980  5723  5458  5185  4904  4615  4318  4013  3700  3379  3050  2713  2368  2015  1654  1285   908   523   130
  756   753   366  1133  1874  2231  2922  3255  3580  3896  3895  4205  4799  4798  5360  5082  5630  5892  6144  6389  6626  6855  7076  7289  7494  7691  7880  8061  8234  8399  8556  8558  8403  8559  8560  8561  8562  8563  8564  8565  8566  8567  8568  8569  8570  8571  8572  8573  8574  8420  8575  8577  8578  8424  8580  8581  8582  8583  8584  8732  8585  8586  8587  8737  8588  8591  8592  8593  8441  8442  8280  7933  8111  7749  7557  7556  7355  7146  6704  6471  6230  5981  5724  5459  5186  4905  4616  4319  4014  3701  3380  3051  2714  2369  2016  1655  1286   909   524   131
  365   754  1873   751  2230  2580  2232  2918  3253  3893  3575  3254  4204  4506  5083  5629  5628  5891  6143  6388  6625  6854  7075  7288  7493  7690  7879  8060  8233  8398  8555  8704  8705  8706  8707  8708  8709  8710  8711  8712  8713  8714  8715  8716  8717  8718  8719  8720  8721  8722  8723  8724  8725  8579  8727  8728  8729  8730  8731  8871  8733  8734  8735  9005  8590  8738  8740  8595  8594  8113  7935  7934  7751  7937  7750  7358  7356  6931  6930  6472  6231  5982  5725  5460  5187  4906  4617  4320  4015  3702  3381  3052  2715  2370  2017  1656  1287   910   525   132
  364  1135  1134  1508  2576  2579  2229  3251  2921  3577  4203  4503  4504  4505  4797  5081  5358  5890  6386  6142  6624  6853  7074  7287  7492  7689  7878  8059  8232  8397  8554  8703  8844  8845  8846  8847  8848  8849  8850  8851  8852  8853  8854  8855  8856  8857  8858  8859  8860  8861  8862  8863  8864  8726  8866  8867  8868  8869  8870  8872  9003  8736  8874  8589  8876  8877  8739  8878  8741  8596  8443  8281  7938  8114  7752  7558  7147  7148  6705  6473  6232  5983  5726  5461  5188  4907  4618  4321  4016  3703  3382  3053  2716  2371  2018  1657  1288   911   526   133
  363  1506  1507  1870  1872  2577  2578  3576  2917  3578  3894  4202  4796  4794  4795  5080  5627  5889  6141  6387  6623  6852  7073  7286  7491  7688  7877  8058  8231  8396  8553  8702  8843  8976  8977  8978  8979  8980  8981  8982  8983  8984  8985  8986  8987  8988  8989  8990  8991  8992  8993  8994  8995  8865  8997  8998  8999  9000  9001  9002  9126  8873  9004  9128  9130  9008  8879  8742  8597  8283  8112  8115  7939  8444  7560  7559  7357  6932  6706  6474  6233  5984  5727  5462  5189  4908  4619  4322  4017  3704  3383  3054  2717  2372  2019  1658  1289   912   527   134
  362  1132  1871  1504  2228  1869  2916  3249  3248  3250  3892  4201  4502  5084  5078  5626  5886  5888  6140  6385  6622  6851  7072  7285  7490  7687  7876  8057  8230  8395  8552  8701  8842  8975  9100  9101  9102  9103  9104  9105  9106  9107  9108  9109  9110  9111  9112  9113  9114  9115  9116  9117  9118  8996  9119  9121  9122  9238  9123  9124  9125  9127  9243  9007  9132  9009  8880  8743  8598  8282  7941  8285  7936  7562  7361  7359  7149  6708  6707  6475  6234  5985  5728  5463  5190  4909  4620  4323  4018  3705  3384  3055  2718  2373  2020  1659  1290   913   528   135
  361   750   752  1131  2227  2920  2575  2919  3574  3573  3891  4200  4501  5079  5356  5357  5887  5625  6139  6384  6621  6850  7071  7284  7489  7686  7875  8056  8229  8394  8551  8700  8841  8974  9099  9216  9217  9218  9219  9220  9221  9222  9223  9224  9225  9226  9227  9228  9229  9230  9231  9232  9340  9233  9120  9236  9237  9345  9239  9240  9241  9242  9129  8875  9006  9011  9010  8881  8445  8116  8447  7940  8446  7754  7151  7360  6933  6934  6709  6476  6235  5986  5729  5464  5191  4910  4621  4324  4019  3706  3385  3056  2719  2374  2021  1660  1291   914   529   136
  360   749  1130  1502  2225  1503  2224  2573  2226  3247  4198  3890  4500  5077  4793  5355  5624  5885  6138  6383  6620  6849  7070  7283  7488  7685  7874  8055  8228  8393  8550  8699  8840  8973  9098  9215  9324  9325  9326  9327  9328  9329  9330  9331  9332  9333  9334  9335  9336  9337  9338  9339  9341  9235  9234  9342  9343  9344  9346  9347  9349  9350  9244  9131  9012  8744  8745  8599  8603  8286  8287  8284  7563  7753  7152  7362  7150  7153  6710  6477  6236  5987  5730  5465  5192  4911  4622  4325  4020  3707  3386  3057  2720  2375  2022  1661  1292   915   530   137
  359   748  1129  1501  1505  1868  2223  2913  2914  2574  2915  4199  4499  4791  5076  4792  5354  5884  6137  6382  6619  6848  7069  7282  7487  7684  7873  8054  8227  8392  8549  8698  8839  8972  9097  9214  9323  9424  9425  9426  9427  9428  9429  9430  9431  9432  9433  9434  9435  9436  9437  9438  9439  9440  9441  9442  9443  9444  9445  9446  9348  9447  9448  9351  9245  9133  8604  8600  8883  8119  8601  8120  7755  7757  7561  7756  6711  6935  6937  6478  5988  5989  5731  5466  5193  4912  4623  4326  4021  3708  3387  3058  2721  2376  2023  1662  1293   916   531   138
  358   747  1128  1866  1865  1867  2571  3246  3887  3889  3571  3888  4497  5353  5622  5352  5623  5883  6136  6381  6618  6847  7068  7281  7486  7683  7872  8053  8226  8391  8548  8697  8838  8971  9096  9213  9322  9423  9516  9517  9518  9519  9520  9521  9522  9523  9524  9525  9526  9527  9528  9529  9530  9531  9532  9533  9534  9535  9536  9537  9449  9353  9352  9246  8882  8885  9134  8884  8450  8748  8289  8448  7943  8117  7758  7154  7363  7364  6712  6238  6239  6237  5732  5467  5194  4913  4624  4327  4022  3709  3388  3059  2722  2377  2024  1663  1294   917   532   139
  357   746  1127  1500  1864  2572  2570  3245  3570  3572  3886  4197  4790  4498  5073  4789  5620  5882  6135  6380  6617  6846  7067  7280  7485  7682  7871  8052  8225  8390  8547  8696  8837  8970  9095  9212  9321  9422  9515  9600  9601  9602  9603  9604  9605  9606  9607  9608  9609  9610  9611  9612  9613  9614  9615  9616  9617  9618  9619  9620  9538  9539  9450  9135  9247  8749  9013  8602  8886  8605  8118  8121  7760  7564  7759  7566  6936  7156  7155  6480  6479  5733  5468  5469  5195  4914  4625  4328  4023  3710  3389  3060  2723  2378  2025  1664  1295   918   533   140
  356   744   745  1499  2221  2222  2911  2912  3244  3568  3569  4196  4788  4787  5074  5621  5619  5881  6134  6379  6616  6845  7066  7279  7484  7681  7870  8051  8224  8389  8546  8695  8836  8969  9094  9211  9320  9421  9514  9599  9676  9677  9678  9679  9680  9681  9682  9683  9684  9685  9686  9687  9688  9689  9690  9691  9692  9693  9694  9623  9622  9540  9354  9248  9250  9015  9014  8288  8449  8746  8122  7942  7944  7568  7567  6713  7365  6938  6714  6482  6240  6241  5991  5196  4916  4915  4626  4329  4024  3711  3390  3061  2724  2379  2026  1665  1296   919   534   141
  355   743  1126  1125  1498  1862  2569  2910  3243  3884  3883  4195  4496  4494  5071  5075  5351  5880  6133  6378  6615  6844  7065  7278  7483  7680  7869  8050  8223  8388  8545  8694  8835  8968  9093  9210  9319  9420  9513  9598  9675  9744  9745  9746  9747  9748  9749  9750  9751  9752  9753  9754  9755  9756  9757  9758  9759  9760  9695  9621  9451  9355  9453  9249  9137  9136  8887  8747  8750  8888  8451  8123  6939  7763  7761  6940  7565  7157  6481  6715  5992  5735  5734  5990  5470  4917  4627  4330  4025  3712  3391  3062  2725  2380  2027  1666  1297   920   535   142
  354  1124   742  1861  1496  1863  2220  2909  3242  3885  3566  4194  4193  4495  5349  5350  5618  5879  6132  6377  6614  6843  7064  7277  7482  7679  7868  8049  8222  8387  8544  8693  8834  8967  9092  9209  9318  9419  9512  9597  9674  9743  9804  9805  9806  9807  9808  9809  9810  9811  9812  9813  9814  9815  9816  9817  9818  9761  9696  9542  9543  9541  9452  9356  9251  9138  9018  8606  8454  8452  8290  7946  7945  8124  7368  7569  6716  7158  6941  6483  6242  5993  5737  5471  5736  5197  4628  4331  4026  3713  3392  3063  2726  2381  2028  1667  1298   921   536   143
  352   353  1497  2218  2219  2567  3240  2566  2907  3241  3567  4192  4493  5072  4786  5348  5617  5878  6131  6376  6613  6842  7063  7276  7481  7678  7867  8048  8221  8386  8543  8692  8833  8966  9091  9208  9317  9418  9511  9596  9673  9742  9803  9856  9857  9858  9859  9860  9861  9862  9863  9864  9865  9866  9867  9868  9819  9762  9697  9624  9454  9545  9357  9252  9139  9016  8751  8453  8889  8455  8291  8293  8292  7762  7369  7366  7570  7159  7370  6484  6244  6243  5994  5198  5199  4918  4629  4332  4027  3714  3393  3064  2727  2382  2029  1668  1299   922   537   144
  350   349  1123  1495  1122  2217  2565  2568  2908  3565  3882  4491  4191  4785  5346  5070  5347  5877  6130  6375  6612  6841  7062  7275  7480  7677  7866  8047  8220  8385  8542  8691  8832  8965  9090  9207  9316  9417  9510  9595  9672  9741  9802  9855  9900  9901  9902  9903  9904  9905  9906  9907  9908  9909  9910  9869  9820  9763  9698  9625  9544  9455  9359  9253  9140  8890  9017  8608  8456  8294  8610  8125  7947  7764  7949  6943  7367  6718  6717  6485  5995  5738  5473  5200  5472  4919  4630  4333  4028  3715  3394  3065  2728  2383  2030  1669  1300   923   538   145
 1120   348  1858   351  1494  1860  2564  2906  3238  3239  4190  3880  4490  4492  4189  4784  5616  5876  6129  6374  6611  6840  7061  7274  7479  7676  7865  8046  8219  8384  8541  8690  8831  8964  9089  9206  9315  9416  9509  9594  9671  9740  9801  9854  9899  9936  9937  9938  9939  9940  9941  9942  9943  9944  9911  9870  9821  9764  9699  9546  9358  9456  9360  9254  9141  9019  8892  8753  8754  8607  8295  8126  7948  7765  7571  7160  6944  6942  6719  6486  6245  5996  5739  5474  5201  4920  4631  4334  4029  3716  3395  3066  2729  2384  2031  1670  1301   924   539   146
  741  1118   740  1859  2215  2216  2904  2905  3562  3564  3881  4489  4781  4783  5069  5615  5614  5875  6128  6373  6610  6839  7060  7273  7478  7675  7864  8045  8218  8383  8540  8689  8830  8963  9088  9205  9314  9415  9508  9593  9670  9739  9800  9853  9898  9935  9964  9965  9966  9967  9968  9969  9970  9945  9912  9871  9822  9765  9700  9626  9627  9457  9255  9142  9020  9021  8891  8752  8609  8458  8129  8127  7950  8128  7572  7162  7161  6945  6720  6487  6246  5997  5740  5202  5476  4921  4632  4030  4031  3717  3396  3067  2730  2385  2032  1671  1302   925   540   147
  738  1493  1119  1121  2214  1857  2563  3237  3563     0  3879  4188  4487  4782  5344  5345  5613  5874  6127  6372  6609  6838  7059  7272  7477  7674  7863  8044  8217  8382  8539  8688  8829  8962  9087  9204  9313  9414  9507  9592  9669  9738  9799  9852  9897  9934  9963  9984  9985  9986  9987  9971  9946  9947  9913  9872  9823  9766  9767  9701  9547  9458  9361  9256  9143  9146  9022  8755  8613  8459  8758  8457  7951  7766  7573  6947  7371  6946  6721  6488  6247  5998  5741  5475  5203  4922  4633  4335  4032  3718  3397  3068  2731  2386  2033  1672  1303   926   541   148
  737   739   736  1492  1856  2213  2562  2903  2902  3561  3876  4488  4779  4780  5068  5343  5612  5873  6126  6371  6608  6837  7058  7271  7476  7673  7862  8043  8216  8381  8538  8687  8828  8961  9086  9203  9312  9413  9506  9591  9668  9737  9798  9851  9896  9933  9962  9983  9996  9997  9998  9973  9988  9948  9914  9873  9824  9702  9629  9628  9548  9459  9362  9145  9023  8896  8612  8893  8756  8296  8460  8297  7767  7574  7373  7163  6722  7165  6723  6489  6248  5742  5477  5204  5205  4923  4634  4336  4033  3719  3398  3069  2732  2387  2034  1673  1304   927   542   149
  347   346  1490  1491  1855  2212  2560  3235  3234  3236  4187  3878  4186  5067  5066  5342  5611  5872  6125  6370  6607  6836  7057  7270  7475  7672  7861  8042  8215  8380  8537  8686  8827  8960  9085  9202  9311  9412  9505  9590  9667  9736  9797  9850  9895  9932  9961  9982  9995  9993  9990  9989  9972  9949  9915  9874  9825  9768  9703  9630  9549  9460  9363  9144  9257  8894  8757  9024  8611  8131  8298  7953  7768  7769  7375  7372  6948  6949  7164  6250  6490  5999  5743  5478  5206  4924  4635  4337  4034  3720  3399  3070  2733  2388  2035  1674  1305   928   543   150
  345   735  1117  1489  1854  2211  2901  2561  3233  3875  3560  4185  4486  5064  5065  5341  5610  5871  6124  6369  6606  6835  7056  7269  7474  7671  7860  8041  8214  8379  8536  8685  8826  8959  9084  9201  9310  9411  9504  9589  9666  9735  9796  9849  9894  9931  9960  9981  9994  9992  9999  9991  9950  9916  9875  9826  9769  9770  9704  9631  9550  9461  9364  9258  9259  8898  9026  8759  8130  8300  8615  7576  7952  7575  7167  7166  7577  6950  6724  6491  6249  6000  5744  5479  4925  4926  4636  4339  4338  3721  3400  3071  2734  2389  2036  1675  1306   929   544   151
  344   734  1116  1488  1853  2210  2559  2558  3558  3557  3559  4184  4485  4778  5063  5340  5609  5870  6123  6368  6605  6834  7055  7268  7473  7670  7859  8040  8213  8378  8535  8684  8825  8958  9083  9200  9309  9410  9503  9588  9665  9734  9795  9848  9893  9930  9959  9980  9979  9978  9977  9976  9974  9975  9917  9876  9827  9705  9632  9633  9551  9462  9365  9260  9147  8897  8895  8760  8461  8614  8132  7954  8299  7770  7955  7168  7376  6726  6252  6493  6492  6001  5746  5745  5207  4927  4637  4341  4340  4035  3401  3072  2735  2390  2037  1676  1307   930   545   152
  733   342  1115  1487  1852  2209  2557  2900  3231  3232  3877  4182  4484  4777  5062  5339  5608  5869  6122  6367  6604  6833  7054  7267  7472  7669  7858  8039  8212  8377  8534  8683  8824  8957  9082  9199  9308  9409  9502  9587  9664  9733  9794  9847  9892  9929  9958  9957  9956  9955  9954  9953  9952  9951  9918  9877  9828  9771  9706  9634  9552  9463  9366  9149  9261  9025  9027  8761  8462  8616  8463  8302  7956  8133  7374  7377  7378  6725  6727  7169  6251  6003  6002  5480  5208  4638  4929  3723  3722  3724  3402  3073  2736  2391  2038  1677  1308   931   546   153
  341   731  1112  1113  1851  2208  2898  2899  3230  3556  4183  3874  4483  4776  5061  5338  5607  5868  6121  6366  6603  6832  7053  7266  7471  7668  7857  8038  8211  8376  8533  8682  8823  8956  9081  9198  9307  9408  9501  9586  9663  9732  9793  9846  9891  9928  9927  9926  9925  9924  9923  9922  9921  9920  9919  9878  9830  9829  9707  9635  9368  9553  9262  9263  9148  9028  8899  8763  8465  8464  8301  7958  8134  7772  7771  7578  7170  6951  6254  6495  6729  5747  5483  5481  5482  5209  4928  4342  4037  4036  3074  3075  2737  2392  2039  1678  1309   932   547   154
  732   343  1485  1850  1484  2556  2897  2895  2896  3554  3873  3872  4482  4775  5060  5606  5336  5867  6120  6365  6602  6831  7052  7265  7470  7667  7856  8037  8210  8375  8532  8681  8822  8955  9080  9197  9306  9407  9500  9585  9662  9731  9792  9845  9890  9889  9888  9887  9886  9885  9884  9883  9882  9881  9880  9879  9772  9773  9709  9708  9464  9555  9367  9264  9150  8900  8762  8901  8619  8303  8135  8617  7957  7774  7580  7579  6952  7171  6728  6253  6494  6004  5748  5210  4640  4641  4038  4344  4039  3403  3725  2739  3076  2393  2040  1679  1310   933   548   155
  730  1111  1486  1483  1114  2206  2554  2555  3555  3229  3871  4181  4481  4774  5059  5337  5605  5865  5866  6119  6364  6829  7050  7468  7264  7666  7855  8036  8209  8374  8531  8680  8821  8954  9079  9196  9305  9406  9499  9584  9661  9730  9791  9844  9843  9842  9841  9840  9839  9838  9837  9836  9835  9834  9833  9832  9831  9774  9710  9636  9372  9554  9369  9265  9030  9029  8902  8764  8305  8618  8306  8136  8138  7775  7581  7379  6955  6255  6497  6496  6005  6006  5749  5484  5211  4639  4930  4343  4040  3726  3404  2738  2740  2394  2041  1680  1311   934   549   156
  340   729  1109  1110  1849  2207  1848  3553  3228  3870  3869  4180  4480  4773  5058  5603  5602  5604  6362  6363  7051  6601  6830  7262  7469  7665  7854  8035  8208  8373  8530  8679  8820  8953  9078  9195  9304  9405  9498  9583  9660  9729  9790  9789  9788  9787  9786  9785  9784  9783  9782  9781  9780  9779  9778  9777  9776  9775  9637  9466  9556  9465  9371  9152  9151  9153  9033  8765  8467  8304  8137  7773  7962  7959  7582  7380  7381  6954  6953  6257  6256  6007  5750  5485  5212  4931  4643  4642  4345  3727  3405  3406  2741  2395  2042  1681  1312   935   550   157
  339  1108  1107  1482  2204  2205  2552  2553  2894  3227  3552  4179  4178  4479  5332  5057  5335  5864  6118  6117  6600  6828  7263  7049  7467  7664  7853  8034  8207  8372  8529  8678  8819  8952  9077  9194  9303  9404  9497  9582  9659  9728  9727  9726  9725  9724  9723  9722  9721  9720  9719  9718  9717  9716  9715  9714  9713  9712  9711  9638  9467  9557  9370  9268  8903  9031  9266  8620  8766  8307  8466  7960  8309  7963  8468  6731  7173  7172  6730  6733  6008  6009  5751  5486  5213  4932  4644  4346  4041  3728  3407  3077  3078  2396  2043  1682  1313   936   551   158
  338   728  1106  1481  1847  2202  2203  2893  3226  3551  3868  4177  4478  4772  4771  5334  5333  5863  6116  6361  6599  6827  7048  7261  7466  7663  7852  8033  8206  8371  8528  8677  8818  8951  9076  9193  9302  9403  9496  9581  9658  9657  9656  9655  9654  9653  9652  9651  9650  9649  9648  9647  9646  9645  9644  9643  9642  9641  9640  9639  9559  9558  9469  9267  9468  8904  8905  8767  8621  8469  8308  7961  8142  7779  7776  7382  7174  7383  6957  6732  6498  6258  5752  5488  5487  5214  4933  4347  4042  3729  3408  3079  2742  2397  2044  1683  1314   937   552   159
  337   727  1843  1480  1845  2551  2550  2892  3225  3550  3867  4176  4477  4768  5056  5600  5331  5862  6115  6360  6598  6826  7047  7260  7465  7662  7851  8032  8205  8370  8527  8676  8817  8950  9075  9192  9301  9402  9495  9580  9579  9578  9577  9576  9575  9574  9573  9572  9571  9570  9569  9568  9567  9566  9565  9564  9563  9562  9379  9561  9470  9373  9154  9032  9155  9034  8906  8768  8622  8470  8139  8140  7777  7583  7584  7384  7585  6956  7175  6500  6499  6259  5489  6011  5215  4934  4645  4348  4043  3730  3409  3080  2743  2398  2045  1684  1315   938   553   160
  336   726  1104  1844  1846  2200  2891  2889  3224  3549  3866  4175  4476  4770  5055  5601  5599  5861  6359  6596  6597  6825  7046  7259  7464  7661  7850  8031  8204  8369  8526  8675  8816  8949  9074  9191  9300  9401  9494  9493  9492  9491  9490  9489  9488  9487  9486  9485  9484  9483  9482  9481  9480  9479  9478  9477  9476  9474  9378  9560  9377  9471  9374  9269  9156  9157  8769  8624  8623  8471  8626  8311  7781  7778  7964  7385  6959  6958  6734  6501  5754  6012  6010  5753  5216  4935  4646  4349  4044  3731  3410  3081  2744  2399  2046  1685  1316   939   554   161
  335  1105  1478  1477  1479  2199  2201  2548  3223  3548  3865  4174  4475  5054  4769  5330  5860  6113  6114  6358  6595  6824  7045  7258  7463  7660  7849  8030  8203  8368  8525  8674  8815  8948  9073  9190  9299  9400  9399  9398  9397  9396  9395  9394  9393  9392  9391  9390  9389  9388  9387  9386  9385  9384  9383  9382  9380  9277  9475  9472  9163  9473  9273  9270  9158  9035  9036  8770  8625  8310  8473  8312  7586  8141  7386  7177  7176  6961  6735  6736  6502  6260  5755  5490  5217  4936  4647  4350  4045  3732  3411  3082  2745  2400  2047  1686  1317   940   555   162
  722   725   724   723  1842  2890  2549  3222  3221  3547  3864  4173  4474  4767  5053  5328  5598  5859  6112  6357  6594  6823  7044  7257  7462  7659  7848  8029  8202  8367  8524  8673  8814  8947  9072  9189  9298  9297  9296  9295  9294  9293  9292  9291  9290  9289  9288  9287  9286  9285  9284  9283  9282  9281  9280  9279  9381  9167  9165  9276  9164  9274  9376  9375  9272  9271  9159  8772  8771  8472  7966  8145  8143  7965  7780  7387  7178  6962  6960  6737  6261  6262  5756  5491  5218  4937  4648  4351  4046  3733  3412  3083  2746  2401  2048  1687  1318   941   556   163
  334   333   721  1476  1841  2198  2547  2888  3546  3545  3863  4172  4473  5051  5329  5052  5597  5858  6111  6356  6593  6822  7043  7256  7461  7658  7847  8028  8201  8366  8523  8672  8813  8946  9071  9188  9187  9186  9185  9184  9183  9182  9181  9180  9179  9178  9177  9176  9175  9174  9173  9172  9171  9170  9169  9168  9278  9047  9166  9046  9162  9043  9161  9160  9040  9037  8907  8909  8627  8474  8144  7782  7967  7589  7590  7388  7179  6738  6503  6504  6263  6013  5757  5492  5219  4938  4649  4352  4047  3734  3413  3084  2747  2402  2049  1688  1319   942   557   164
  332  1102  1103  1475  1840  2197  2546  2887  3220  3862  4171  4472  4765  4766  5050  5327  5596  5857  6110  6355  6592  6821  7042  7255  7460  7657  7846  8027  8200  8365  8522  8671  8812  8945  9070  9069  9068  9067  9066  9065  9064  9063  9062  9061  9060  9059  9058  9057  9056  9055  9054  9053  9052  9051  9050  9049  8921  9048  9045  8918  9275  9042  9041  8779  9039  8908  8911  8773  8475  8476  8313  7968  7783  7587  7588  7389  7180  6739  6963  6264  6015  6014  5759  5493  5220  4939  4650  4353  4048  3735  3414  3085  2748  2403  2050  1689  1320   943   558   165
  331   720  1101  1474  1839  2196  2545  2886  3219  3544  3861  4170  4471  4764  5049  5326  5595  5856  6109  6354  6591  6820  7041  7254  7459  7656  7845  8026  8199  8364  8521  8670  8811  8944  8943  8942  8941  8940  8939  8938  8937  8936  8935  8934  8933  8932  8931  8930  8929  8928  8927  8926  8925  8924  8923  8922  8786  8920  8919  8783  9044  8916  8915  8913  8912  9038  8775  8910  8629  8477  8314  8146  7969  7784  7591  7390  7181  6964  6506  6505  6265  5758  6016  5494  5221  4940  4651  4354  4049  3736  3415  3086  2749  2404  2051  1690  1321   944   559   166
  330   719  1100  1473  1838  2195  2544  2885  3218  3543  3860  4169  4470  4763  5048  5325  5594  5855  6108  6353  6590  6819  7040  7253  7458  7655  7844  8025  8198  8363  8520  8669  8810  8809  8808  8807  8806  8805  8804  8803  8802  8801  8800  8799  8798  8797  8796  8795  8794  8793  8792  8791  8790  8789  8788  8787  8643  8785  8784  8917  8782  8781  8914  8780  8778  8777  8774  8628  8630  8316  8315  8147  7970  7785  7592  7391  7182  6965  6740  6507  6266  6017  5760  5495  5222  4941  4652  4355  4050  3737  3416  3087  2750  2405  2052  1691  1322   945   560   167
  329   718  1099  1472  1837  2194  2543  2884  3217  3542  3859  4168  4469  4762  5047  5324  5593  5854  6107  6352  6589  6818  7039  7252  7457  7654  7843  8024  8197  8362  8519  8668  8667  8666  8665  8664  8663  8662  8661  8660  8659  8658  8657  8656  8655  8654  8653  8652  8651  8650  8649  8648  8647  8646  8645  8492  8493  8642  8641  8640  8639  8638  8636  8485  8635  8634  8776  8633  8631  8478  8317  8148  7971  7786  7593  7392  7183  6966  6741  6508  6267  6018  5761  5496  5223  4942  4653  4356  4051  3738  3417  3088  2751  2406  2053  1692  1323   946   561   168
  328   717  1098  1471  1836  2193  2542  2883  3216  3541  3858  4167  4468  4761  5046  5323  5592  5853  6106  6351  6588  6817  7038  7251  7456  7653  7842  8023  8196  8361  8518  8517  8516  8515  8514  8513  8512  8511  8510  8509  8508  8507  8506  8505  8504  8503  8502  8501  8500  8499  8498  8497  8496  8495  8494  8644  8333  8491  8490  8489  8487  8486  8637  8326  8483  8324  8482  8632  8480  8479  8318  8149  7972  7787  7594  7393  7184  6967  6742  6509  6268  6019  5762  5497  5224  4943  4654  4357  4052  3739  3418  3089  2752  2407  2054  1693  1324   947   562   169
  327   716  1097  1470  1835  2192  2541  2882  3215  3540  3857  4166  4467  4760  5045  5322  5591  5852  6105  6350  6587  6816  7037  7250  7455  7652  7841  8022  8195  8360  8359  8358  8357  8356  8355  8354  8353  8352  8351  8350  8349  8348  8347  8346  8345  8344  8343  8342  8341  8340  8339  8338  8337  8336  8335  8334  8332  8331  8330  8163  8488  8329  8327  8325  8484  8323  8322  8481  8321  8320  8319  8150  7973  7788  7595  7394  7185  6968  6743  6510  6269  6020  5763  5498  5225  4944  4655  4358  4053  3740  3419  3090  2753  2408  2055  1694  1325   948   563   170
  326   715  1096  1469  1834  2191  2540  2881  3214  3539  3856  4165  4466  4759  5044  5321  5590  5851  6104  6349  6586  6815  7036  7249  7454  7651  7840  8021  8194  8193  8192  8191  8190  8189  8188  8187  8186  8185  8184  8183  8182  8181  8180  8179  8178  8177  8176  8175  8174  8173  8172  8171  8170  8169  8168  8167  8166  8165  8164  8162  7987  8328  8161  7984  8158  8157  8156  8155  8154  8153  8152  8151  7974  7789  7596  7395  7186  6969  6744  6511  6270  6021  5764  5499  5226  4945  4656  4359  4054  3741  3420  3091  2754  2409  2056  1695  1326   949   564   171
  325   714  1095  1468  1833  2190  2539  2880  3213  3538  3855  4164  4465  4758  5043  5320  5589  5850  6103  6348  6585  6814  7035  7248  7453  7650  7839  8020  8019  8018  8017  8016  8015  8014  8013  8012  8011  8010  8009  8008  8007  8006  8005  8004  8003  8002  8001  8000  7999  7998  7997  7996  7995  7994  7993  7992  7991  7990  7989  7988  7986  7985  8159  8160  7983  7982  7981  7980  7979  7978  7977  7976  7975  7790  7597  7396  7187  6970  6745  6512  6271  6022  5765  5500  5227  4946  4657  4360  4055  3742  3421  3092  2755  2410  2057  1696  1327   950   565   172
  324   713  1094  1467  1832  2189  2538  2879  3212  3537  3854  4163  4464  4757  5042  5319  5588  5849  6102  6347  6584  6813  7034  7247  7452  7649  7838  7837  7836  7835  7834  7833  7832  7831  7830  7829  7828  7827  7826  7825  7824  7823  7822  7821  7820  7819  7818  7817  7816  7815  7814  7813  7812  7811  7810  7809  7808  7807  7806  7805  7804  7803  7611  7801  7800  7799  7798  7797  7796  7795  7794  7793  7792  7791  7598  7397  7188  6971  6746  6513  6272  6023  5766  5501  5228  4947  4658  4361  4056  3743  3422  3093  2756  2411  2058  1697  1328   951   566   173
  323   712  1093  1466  1831  2188  2537  2878  3211  3536  3853  4162  4463  4756  5041  5318  5587  5848  6101  6346  6583  6812  7033  7246  7451  7648  7647  7646  7645  7644  7643  7642  7641  7640  7639  7638  7637  7636  7635  7634  7633  7632  7631  7630  7629  7628  7627  7626  7625  7624  7623  7622  7621  7620  7619  7618  7617  7616  7615  7614  7613  7411  7204  7802  7609  7608  7607  7606  7605  7604  7603  7602  7601  7600  7599  7398  7189  6972  6747  6514  6273  6024  5767  5502  5229  4948  4659  4362  4057  3744  3423  3094  2757  2412  2059  1698  1329   952   567   174
  322   711  1092  1465  1830  2187  2536  2877  3210  3535  3852  4161  4462  4755  5040  5317  5586  5847  6100  6345  6582  6811  7032  7245  7450  7449  7448  7447  7446  7445  7444  7443  7442  7441  7440  7439  7438  7437  7436  7435  7434  7433  7432  7431  7430  7429  7428  7427  7426  7425  7424  7423  7422  7421  7420  7419  7418  7417  7416  7415  7414  7612  7413  7610  7410  7409  7408  7407  7406  7405  7404  7403  7402  7401  7400  7399  7190  6973  6748  6515  6274  6025  5768  5503  5230  4949  4660  4363  4058  3745  3424  3095  2758  2413  2060  1699  1330   953   568   175
  321   710  1091  1464  1829  2186  2535  2876  3209  3534  3851  4160  4461  4754  5039  5316  5585  5846  6099  6344  6581  6810  7031  7244  7243  7242  7241  7240  7239  7238  7237  7236  7235  7234  7233  7232  7231  7230  7229  7228  7227  7226  7225  7224  7223  7222  7221  7220  7219  7218  7217  7216  7215  7214  7213  7212  7211  7210  7209  7208  7207  7206  7412  6989  7203  7202  7201  7200  7199  7198  7197  7196  7195  7194  7193  7192  7191  6974  6749  6516  6275  6026  5769  5504  5231  4950  4661  4364  4059  3746  3425  3096  2759  2414  2061  1700  1331   954   569   176
  320   709  1090  1463  1828  2185  2534  2875  3208  3533  3850  4159  4460  4753  5038  5315  5584  5845  6098  6343  6580  6809  7030  7029  7028  7027  7026  7025  7024  7023  7022  7021  7020  7019  7018  7017  7016  7015  7014  7013  7012  7011  7010  7009  7008  7007  7006  7005  7004  7003  7002  7001  7000  6999  6998  6997  6996  6995  6994  6993  6992  6991  7205  6990  6988  6987  6986  6985  6984  6983  6982  6981  6980  6979  6978  6977  6976  6975  6750  6517  6276  6027  5770  5505  5232  4951  4662  4365  4060  3747  3426  3097  2760  2415  2062  1701  1332   955   570   177
  319   708  1089  1462  1827  2184  2533  2874  3207  3532  3849  4158  4459  4752  5037  5314  5583  5844  6097  6342  6579  6808  6807  6806  6805  6804  6803  6802  6801  6800  6799  6798  6797  6796  6795  6794  6793  6792  6791  6790  6789  6788  6787  6786  6785  6784  6783  6782  6781  6780  6779  6778  6777  6776  6775  6774  6773  6772  6771  6770  6769  6768  6767  6766  6765  6764  6763  6762  6761  6760  6759  6758  6757  6756  6755  6754  6753  6752  6751  6518  6277  6028  5771  5506  5233  4952  4663  4366  4061  3748  3427  3098  2761  2416  2063  1702  1333   956   571   178
  318   707  1088  1461  1826  2183  2532  2873  3206  3531  3848  4157  4458  4751  5036  5313  5582  5843  6096  6341  6578  6577  6576  6575  6574  6573  6572  6571  6570  6569  6568  6567  6566  6565  6564  6563  6562  6561  6560  6559  6558  6557  6556  6555  6554  6553  6552  6551  6550  6549  6548  6547  6546  6545  6544  6543  6542  6541  6540  6539  6538  6537  6536  6535  6534  6533  6532  6531  6530  6529  6528  6527  6526  6525  6524  6523  6522  6521  6520  6519  6278  6029  5772  5507  5234  4953  4664  4367  4062  3749  3428  3099  2762  2417  2064  1703  1334   957   572   179
  317   706  1087  1460  1825  2182  2531  2872  3205  3530  3847  4156  4457  4750  5035  5312  5581  5842  6095  6340  6339  6338  6337  6336  6335  6334  6333  6332  6331  6330  6329  6328  6327  6326  6325  6324  6323  6322  6321  6320  6319  6318  6317  6316  6315  6314  6313  6312  6311  6310  6309  6308  6307  6306  6305  6304  6303  6302  6301  6300  6299  6298  6297  6296  6295  6294  6293  6292  6291  6290  6289  6288  6287  6286  6285  6284  6283  6282  6281  6280  6279  6030  5773  5508  5235  4954  4665  4368  4063  3750  3429  3100  2763  2418  2065  1704  1335   958   573   180
  316   705  1086  1459  1824  2181  2530  2871  3204  3529  3846  4155  4456  4749  5034  5311  5580  5841  6094  6093  6092  6091  6090  6089  6088  6087  6086  6085  6084  6083  6082  6081  6080  6079  6078  6077  6076  6075  6074  6073  6072  6071  6070  6069  6068  6067  6066  6065  6064  6063  6062  6061  6060  6059  6058  6057  6056  6055  6054  6053  6052  6051  6050  6049  6048  6047  6046  6045  6044  6043  6042  6041  6040  6039  6038  6037  6036  6035  6034  6033  6032  6031  5774  5509  5236  4955  4666  4369  4064  3751  3430  3101  2764  2419  2066  1705  1336   959   574   181
  315   704  1085  1458  1823  2180  2529  2870  3203  3528  3845  4154  4455  4748  5033  5310  5579  5840  5839  5838  5837  5836  5835  5834  5833  5832  5831  5830  5829  5828  5827  5826  5825  5824  5823  5822  5821  5820  5819  5818  5817  5816  5815  5814  5813  5812  5811  5810  5809  5808  5807  5806  5805  5804  5803  5802  5801  5800  5799  5798  5797  5796  5795  5794  5793  5792  5791  5790  5789  5788  5787  5786  5785  5784  5783  5782  5781  5780  5779  5778  5777  5776  5775  5510  5237  4956  4667  4370  4065  3752  3431  3102  2765  2420  2067  1706  1337   960   575   182
  314   703  1084  1457  1822  2179  2528  2869  3202  3527  3844  4153  4454  4747  5032  5309  5578  5577  5576  5575  5574  5573  5572  5571  5570  5569  5568  5567  5566  5565  5564  5563  5562  5561  5560  5559  5558  5557  5556  5555  5554  5553  5552  5551  5550  5549  5548  5547  5546  5545  5544  5543  5542  5541  5540  5539  5538  5537  5536  5535  5534  5533  5532  5531  5530  5529  5528  5527  5526  5525  5524  5523  5522  5521  5520  5519  5518  5517  5516  5515  5514  5513  5512  5511  5238  4957  4668  4371  4066  3753  3432  3103  2766  2421  2068  1707  1338   961   576   183
  313   702  1083  1456  1821  2178  2527  2868  3201  3526  3843  4152  4453  4746  5031  5308  5307  5306  5305  5304  5303  5302  5301  5300  5299  5298  5297  5296  5295  5294  5293  5292  5291  5290  5289  5288  5287  5286  5285  5284  5283  5282  5281  5280  5279  5278  5277  5276  5275  5274  5273  5272  5271  5270  5269  5268  5267  5266  5265  5264  5263  5262  5261  5260  5259  5258  5257  5256  5255  5254  5253  5252  5251  5250  5249  5248  5247  5246  5245  5244  5243  5242  5241  5240  5239  4958  4669  4372  4067  3754  3433  3104  2767  2422  2069  1708  1339   962   577   184
  312   701  1082  1455  1820  2177  2526  2867  3200  3525  3842  4151  4452  4745  5030  5029  5028  5027  5026  5025  5024  5023  5022  5021  5020  5019  5018  5017  5016  5015  5014  5013  5012  5011  5010  5009  5008  5007  5006  5005  5004  5003  5002  5001  5000  4999  4998  4997  4996  4995  4994  4993  4992  4991  4990  4989  4988  4987  4986  4985  4984  4983  4982  4981  4980  4979  4978  4977  4976  4975  4974  4973  4972  4971  4970  4969  4968  4967  4966  4965  4964  4963  4962  4961  4960  4959  4670  4373  4068  3755  3434  3105  2768  2423  2070  1709  1340   963   578   185
  311   700  1081  1454  1819  2176  2525  2866  3199  3524  3841  4150  4451  4744  4743  4742  4741  4740  4739  4738  4737  4736  4735  4734  4733  4732  4731  4730  4729  4728  4727  4726  4725  4724  4723  4722  4721  4720  4719  4718  4717  4716  4715  4714  4713  4712  4711  4710  4709  4708  4707  4706  4705  4704  4703  4702  4701  4700  4699  4698  4697  4696  4695  4694  4693  4692  4691  4690  4689  4688  4687  4686  4685  4684  4683  4682  4681  4680  4679  4678  4677  4676  4675  4674  4673  4672  4671  4374  4069  3756  3435  3106  2769  2424  2071  1710  1341   964   579   186
  310   699  1080  1453  1818  2175  2524  2865  3198  3523  3840  4149  4450  4449  4448  4447  4446  4445  4444  4443  4442  4441  4440  4439  4438  4437  4436  4435  4434  4433  4432  4431  4430  4429  4428  4427  4426  4425  4424  4423  4422  4421  4420  4419  4418  4417  4416  4415  4414  4413  4412  4411  4410  4409  4408  4407  4406  4405  4404  4403  4402  4401  4400  4399  4398  4397  4396  4395  4394  4393  4392  4391  4390  4389  4388  4387  4386  4385  4384  4383  4382  4381  4380  4379  4378  4377  4376  4375  4070  3757  3436  3107  2770  2425  2072  1711  1342   965   580   187
  309   698  1079  1452  1817  2174  2523  2864  3197  3522  3839  4148  4147  4146  4145  4144  4143  4142  4141  4140  4139  4138  4137  4136  4135  4134  4133  4132  4131  4130  4129  4128  4127  4126  4125  4124  4123  4122  4121  4120  4119  4118  4117  4116  4115  4114  4113  4112  4111  4110  4109  4108  4107  4106  4105  4104  4103  4102  4101  4100  4099  4098  4097  4096  4095  4094  4093  4092  4091  4090  4089  4088  4087  4086  4085  4084  4083  4082  4081  4080  4079  4078  4077  4076  4075  4074  4073  4072  4071  3758  3437  3108  2771  2426  2073  1712  1343   966   581   188
  308   697  1078  1451  1816  2173  2522  2863  3196  3521  3838  3837  3836  3835  3834  3833  3832  3831  3830  3829  3828  3827  3826  3825  3824  3823  3822  3821  3820  3819  3818  3817  3816  3815  3814  3813  3812  3811  3810  3809  3808  3807  3806  3805  3804  3803  3802  3801  3800  3799  3798  3797  3796  3795  3794  3793  3792  3791  3790  3789  3788  3787  3786  3785  3784  3783  3782  3781  3780  3779  3778  3777  3776  3775  3774  3773  3772  3771  3770  3769  3768  3767  3766  3765  3764  3763  3762  3761  3760  3759  3438  3109  2772  2427  2074  1713  1344   967   582   189
  307   696  1077  1450  1815  2172  2521  2862  3195  3520  3519  3518  3517  3516  3515  3514  3513  3512  3511  3510  3509  3508  3507  3506  3505  3504  3503  3502  3501  3500  3499  3498  3497  3496  3495  3494  3493  3492  3491  3490  3489  3488  3487  3486  3485  3484  3483  3482  3481  3480  3479  3478  3477  3476  3475  3474  3473  3472  3471  3470  3469  3468  3467  3466  3465  3464  3463  3462  3461  3460  3459  3458  3457  3456  3455  3454  3453  3452  3451  3450  3449  3448  3447  3446  3445  3444  3443  3442  3441  3440  3439  3110  2773  2428  2075  1714  1345   968   583   190
  306   695  1076  1449  1814  2171  2520  2861  3194  3193  3192  3191  3190  3189  3188  3187  3186  3185  3184  3183  3182  3181  3180  3179  3178  3177  3176  3175  3174  3173  3172  3171  3170  3169  3168  3167  3166  3165  3164  3163  3162  3161  3160  3159  3158  3157  3156  3155  3154  3153  3152  3151  3150  3149  3148  3147  3146  3145  3144  3143  3142  3141  3140  3139  3138  3137  3136  3135  3134  3133  3132  3131  3130  3129  3128  3127  3126  3125  3124  3123  3122  3121  3120  3119  3118  3117  3116  3115  3114  3113  3112  3111  2774  2429  2076  1715  1346   969   584   191
  305   694  1075  1448  1813  2170  2519  2860  2859  2858  2857  2856  2855  2854  2853  2852  2851  2850  2849  2848  2847  2846  2845  2844  2843  2842  2841  2840  2839  2838  2837  2836  2835  2834  2833  2832  2831  2830  2829  2828  2827  2826  2825  2824  2823  2822  2821  2820  2819  2818  2817  2816  2815  2814  2813  2812  2811  2810  2809  2808  2807  2806  2805  2804  2803  2802  2801  2800  2799  2798  2797  2796  2795  2794  2793  2792  2791  2790  2789  2788  2787  2786  2785  2784  2783  2782  2781  2780  2779  2778  2777  2776  2775  2430  2077  1716  1347   970   585   192
  304   693  1074  1447  1812  2169  2518  2517  2516  2515  2514  2513  2512  2511  2510  2509  2508  2507  2506  2505  2504  2503  2502  2501  2500  2499  2498  2497  2496  2495  2494  2493  2492  2491  2490  2489  2488  2487  2486  2485  2484  2483  2482  2481  2480  2479  2478  2477  2476  2475  2474  2473  2472  2471  2470  2469  2468  2467  2466  2465  2464  2463  2462  2461  2460  2459  2458  2457  2456  2455  2454  2453  2452  2451  2450  2449  2448  2447  2446  2445  2444  2443  2442  2441  2440  2439  2438  2437  2436  2435  2434  2433  2432  2431  2078  1717  1348   971   586   193
  303   692  1073  1446  1811  2168  2167  2166  2165  2164  2163  2162  2161  2160  2159  2158  2157  2156  2155  2154  2153  2152  2151  2150  2149  2148  2147  2146  2145  2144  2143  2142  2141  2140  2139  2138  2137  2136  2135  2134  2133  2132  2131  2130  2129  2128  2127  2126  2125  2124  2123  2122  2121  2120  2119  2118  2117  2116  2115  2114  2113  2112  2111  2110  2109  2108  2107  2106  2105  2104  2103  2102  2101  2100  2099  2098  2097  2096  2095  2094  2093  2092  2091  2090  2089  2088  2087  2086  2085  2084  2083  2082  2081  2080  2079  1718  1349   972   587   194
  302   691  1072  1445  1810  1809  1808  1807  1806  1805  1804  1803  1802  1801  1800  1799  1798  1797  1796  1795  1794  1793  1792  1791  1790  1789  1788  1787  1786  1785  1784  1783  1782  1781  1780  1779  1778  1777  1776  1775  1774  1773  1772  1771  1770  1769  1768  1767  1766  1765  1764  1763  1762  1761  1760  1759  1758  1757  1756  1755  1754  1753  1752  1751  1750  1749  1748  1747  1746  1745  1744  1743  1742  1741  1740  1739  1738  1737  1736  1735  1734  1733  1732  1731  1730  1729  1728  1727  1726  1725  1724  1723  1722  1721  1720  1719  1350   973   588   195
  301   690  1071  1444  1443  1442  1441  1440  1439  1438  1437  1436  1435  1434  1433  1432  1431  1430  1429  1428  1427  1426  1425  1424  1423  1422  1421  1420  1419  1418  1417  1416  1415  1414  1413  1412  1411  1410  1409  1408  1407  1406  1405  1404  1403  1402  1401  1400  1399  1398  1397  1396  1395  1394  1393  1392  1391  1390  1389  1388  1387  1386  1385  1384  1383  1382  1381  1380  1379  1378  1377  1376  1375  1374  1373  1372  1371  1370  1369  1368  1367  1366  1365  1364  1363  1362  1361  1360  1359  1358  1357  1356  1355  1354  1353  1352  1351   974   589   196
  300   689  1070  1069  1068  1067  1066  1065  1064  1063  1062  1061  1060  1059  1058  1057  1056  1055  1054  1053  1052  1051  1050  1049  1048  1047  1046  1045  1044  1043  1042  1041  1040  1039  1038  1037  1036  1035  1034  1033  1032  1031  1030  1029  1028  1027  1026  1025  1024  1023  1022  1021  1020  1019  1018  1017  1016  1015  1014  1013  1012  1011  1010  1009  1008  1007  1006  1005  1004  1003  1002  1001  1000   999   998   997   996   995   994   993   992   991   990   989   988   987   986   985   984   983   982   981   980   979   978   977   976   975   590   197
  299   688   687   686   685   684   683   682   681   680   679   678   677   676   675   674   673   672   671   670   669   668   667   666   665   664   663   662   661   660   659   658   657   656   655   654   653   652   651   650   649   648   647   646   645   644   643   642   641   640   639   638   637   636   635   634   633   632   631   630   629   628   627   626   625   624   623   622   621   620   619   618   617   616   615   614   613   612   611   610   609   608   607   606   605   604   603   602   601   600   599   598   597   596   595   594   593   592   591   198
  298   297   296   295   294   293   292   291   290   289   288   287   286   285   284   283   282   281   280   279   278   277   276   275   274   273   272   271   270   269   268   267   266   265   264   263   262   261   260   259   258   257   256   255   254   253   252   251   250   249   248   247   246   245   244   243   242   241   240   239   238   237   236   235   234   233   232   231   230   229   228   227   226   225   224   223   222   221   220   219   218   217   216   215   214   213   212   211   210   209   208   207   206   205   204   203   202   201   200   199
