# This puzzle is unsolvable
100
    2     1     3     4     5     6     7     8     9    10    11    12    13    14    15    16    17    18    19    20    21    22    23    24    25    26    27    28    29    30    31    32    33    34    35    36    37    38    39    40    41    42    43    44    45    46    47    48    49    50    51    52    53    54    55    56    57    58    59    60    61    62    63    64    65   461    66    67    68    69    71    73   468    74    75    76    77    78    79    80    81    82    83   479    85    86   484   867   485   871    90   487    91   875    96    98    99   493   494   100
  396   397   398   399   400   401   402   403   404   405   406   407   408   409   410   411   412   413   414   415   416   417   418   419   420   421   422   423   424   425   426   427   428   429   430   431   432   433   434   435   436   437   438   439   440   441   442   443   444   445   446   447   448   449   450   451   452   453   841   454   456   457   458   459   848   463   462   851   465    70   466    72   854   469   470   471   472   474   861   475   476   478  1244    87   866   865    89    88  1250   486   873    92    95    97  1256   491   490   495   881   101
  395   784   785   786   787   788   789   790   791   792   793   794   795   796   797   798   799   800   801   802   803   804   805   806   807   808   809   810   811   812   813   814   815   816   817   818   819   820   821   822   823   824   825   826   827   828   829   830   831   832   833   834   835   836   837   838   839   840  1220   455   843   844   845   846   460   847  1228   464  1230   852   853  1234   467   856   858   859   860  1239   473   862   863   477    84   480  1246   481   483   868  1984  1621   872  1255    93   489   488   878   492   880   102   497
  394   783  1164  1165  1166  1167  1168  1169  1170  1171  1172  1173  1174  1175  1176  1177  1178  1179  1180  1181  1182  1183  1184  1185  1186  1187  1188  1189  1190  1191  1192  1193  1194  1195  1196  1197  1198  1199  1200  1201  1202  1203  1204  1205  1206  1207  1208  1209  1210  1211  1212  1213  1214  1215  1216  1588  1217  1218  1219  1954  1221  1222  1224  1225  1597  1226  1227   849  1600  1601  1231  1232   855  1235   857  1237  1238  1240  1241  1975  1977  1243  1613  1616  1617   870  2336  1251   482  1622  1620  1252    94  1626   877  1257   879   496  1259   103
  393   782  1163  1536  1537  1538  1539  1540  1541  1542  1543  1544  1545  1546  1547  1548  1549  1550  1551  1552  1553  1554  1555  1556  1557  1558  1559  1560  1561  1562  1563  1564  1565  1566  1567  1568  1569  1570  1571  1572  1573  1574  1575  1576  1577  1578  1579  1580  1581  1582  1583  1584  1585  1586  1587  1951  1589  1590  1592   842  1593  1594  1957  1595  1596  1598  1599   850  1229  1603  1604  1966  1605  1606  1236  1607  1972  1610  1611  1612  1242  1614  1979   864  1245  1981  1249  1248  2339   874  1625  1623   876  1988  1627  1261  1258   882   106   105
  392   781  1162  1535  1900  1901  1902  1903  1904  1905  1906  1907  1908  1909  1910  1911  1912  1913  1914  1915  1916  1917  1918  1919  1920  1921  1922  1923  1924  1925  1926  1927  1928  1929  1930  1931  1932  1933  1934  1935  1936  1937  1938  1939  1940  1941  1942  1943  1944  1945  1946  1947  1948  1949  1950  1952  2307  1953  1591  1955  2311  2313  1223  1959  1960  1961  1962  1963  1965  2320  1602  1233  1967  1969  1971  1609  1608  1973  1974  2330  1976  1615  2334  1247  1618  1982   869  1983  1985  1987  1624  1253  2345  1254  1991  1628  1260   883   104   498
  391   780  1161  1534  1899  2256  2257  2258  2259  2260  2261  2262  2263  2264  2265  2266  2267  2268  2269  2270  2271  2272  2273  2274  2275  2276  2277  2278  2279  2280  2281  2282  2283  2284  2285  2286  2287  2288  2289  2290  2291  2292  2293  2294  2295  2296  2297  2298  2299  2300  2301  2302  2303  2304  2305  2306  2309  2994  2308  2656  2312  1956  1958  2660  2315  2316  2317  2319  1964  2667  2321  2322  1968  2323  1970  2326  3011  2327  2676  2329  2331  2332  1978  2333  2335  1980  1619  2337  2338  2340  1986  2691  1989  2343  1630  1990  1262   885   499   107
  390   779  1160  1533  1898  2255  2604  2605  2606  2607  2608  2609  2610  2611  2612  2613  2614  2615  2616  2617  2618  2619  2620  2621  2622  2623  2624  2625  2626  2627  2628  2629  2630  2631  2632  2633  2634  2635  2636  2637  2638  2639  2640  2641  2642  2643  2644  2645  2646  2647  2648  2649  2650  2651  2652  2653  2654  2655  2997  2310  2996  2659  2661  2662  2314  2664  3004  2665  2666  2668  3008  2669  3009  2325  2324  2672  2674  2328  3015  2677  2678  2679  2681  3350  2683  2684  2685  3679  3025  2687  2341  2342  2692  2346  1992  1629  1263  1631   500   502
  389   778  1159  1532  1897  2254  2603  2944  2945  2946  2947  2948  2949  2950  2951  2952  2953  2954  2955  2956  2957  2958  2959  2960  2961  2962  2963  2964  2965  2966  2967  2968  2969  2970  2971  2972  2973  2974  2975  2976  2977  2978  2979  2980  2981  2982  2983  2984  2985  2986  2987  2988  2989  2990  2991  3325  3324  3322  2995  3326  2657  2998  2999  3001  2663  3333  3002  2318  3658  3006  3339  3007  2671  3010  3342  3012  3014  2675  3016  3670  3017  2680  3351  2682  3022  3021  3993  2686  3023  3026  3028  2688  2348  1994  2344  1265  1993   884   886   501
  388   777  1158  1531  1896  2253  2602  2943  3276  3277  3278  3279  3280  3281  3282  3283  3284  3285  3286  3287  3288  3289  3290  3291  3292  3293  3294  3295  3296  3297  3298  3299  3300  3301  3302  3303  3304  3305  3306  3307  3308  3309  3310  3311  3312  3313  3314  3315  3316  3317  3318  3319  3643  3320  3321  2992  3962  3963  2993  3328  2658  3329  3330  3000  3332  3003  3335  3336  3659  3976  3337  3340  2670  4286  3343  2673  3013  3345  3347  3348  3986  3018  3019  3674  3020  3354  3677  3353  3024  3680  3030  2689  2347  2690  1634  1264  1632  1633   887   108
  387   776  1157  1530  1895  2252  2601  2942  3275  3600  3601  3602  3603  3604  3605  3606  3607  3608  3609  3610  3611  3612  3613  3614  3615  3616  3617  3618  3619  3620  3621  3622  3623  3624  3625  3626  3627  3628  3629  3630  3631  3632  3633  3634  3635  3636  3637  3638  3639  3640  3641  3642  3960  3645  3959  3647  3646  3649  3961  3327  3651  3653  3654  3331  3655  3656  3334  3661  3660  3338  4283  3662  3663  3665  3666  3667  3344  3668  3669  3346  3671  3349  3673  3989  3992  4597  3352  3355  3356  3027  3034  3358  2693  1995  1636  1635   503   504   111   109
  386   775  1156  1529  1894  2251  2600  2941  3274  3599  3916  3917  3918  3919  3920  3921  3922  3923  3924  3925  3926  3927  3928  3929  3930  3931  3932  3933  3934  3935  3936  3937  3938  3939  3940  3941  3942  3943  3944  3945  3946  3947  3948  3949  3950  3951  3952  3953  3954  3955  3956  3957  3958  4266  3644  4267  3648  4270  3965  4570  3650  3652  3969  3970  3971  3972  3657  3973  3975  3005  4580  3977  3664  3341  3980  3981  3982  3983  3984  3985  3988  3672  4295  3991  3676  3990  3675  3357  3682  3995  3359  2694  3031  3032  2349  1997  1266   888   110   112
  385   774  1155  1528  1893  2250  2599  2940  3273  3598  3915  4224  4225  4226  4227  4228  4229  4230  4231  4232  4233  4234  4235  4236  4237  4238  4239  4240  4241  4242  4243  4244  4245  4246  4247  4248  4249  4250  4251  4252  4253  4254  4255  4256  4257  4258  4259  4260  4261  4262  4263  4264  4265  4268  3323  4859  4567  3964  4273  4572  3967  4274  3968  4575  4277  4278  4279  4280  3974  4281  4582  4285  3978  3979  4586  4288  4289  4290  4291  4592  4292  3987  4885  4595  4296  4888  4299  4297  3994  3360  3683  2695  2351  2699  1998  1996   505   890  1268   889
  384   773  1154  1527  1892  2249  2598  2939  3272  3597  3914  4223  4524  4525  4526  4527  4528  4529  4530  4531  4532  4533  4534  4535  4536  4537  4538  4539  4540  4541  4542  4543  4544  4545  4546  4547  4548  4549  4550  4551  4552  4553  4554  4555  4556  4557  4558  4559  4560  4561  4562  4563  4564  4565  4566  4568  4271  4569  4272  4571  3966  4573  4275  4576  4276  4577  4578  4579  4871  4282  4284  4581  4585  4287  4587  4878  4588  4589  4590  4591  4294  4293  4594  4596  4889  3678  3997  3996  4301  2698  3029  3681  2696  2353  1999  2350  1267   507   506   113
  383   772  1153  1526  1891  2248  2597  2938  3271  3596  3913  4222  4523  4816  4817  4818  4819  4820  4821  4822  4823  4824  4825  4826  4827  4828  4829  4830  4831  4832  4833  4834  4835  4836  4837  4838  4839  4840  4841  4842  4843  4844  4845  4846  4847  4848  4849  4850  4851  4852  4853  4854  4855  4856  4857  4269  5141  4860  4862  4863  4864  4865  4574  4866  4867  4868  4869  4870  4872  4873  4874  4875  4584  4876  4877  4879  4880  5163  4882  4883  4593  5167  4298  4886  4887  4599  4598  4300  3998  3033  3686  3364  3361  1637  2352  1639   893   891   892   114
  382   771  1152  1525  1890  2247  2596  2937  3270  3595  3912  4221  4522  4815  5100  5101  5102  5103  5104  5105  5106  5107  5108  5109  5110  5111  5112  5113  5114  5115  5116  5117  5118  5119  5120  5121  5122  5123  5124  5125  5126  5127  5128  5129  5130  5131  5132  5133  5134  5135  5136  5137  5138  5139  5140  5142  4858  5143  4861  5419  5145  5421  5148  5149  5150  5151  5152  5153  5154  4583  5155  5431  5158  5157  5160  5436  5162  5164  4881  5165  4884  5168  5166  5169  5170  5172  4303  4601  4302  3685  3684  2697  3362  3037  2001  1270  1638   894   508   115
  381   770  1151  1524  1889  2246  2595  2936  3269  3594  3911  4220  4521  4814  5099  5376  5377  5378  5379  5380  5381  5382  5383  5384  5385  5386  5387  5388  5389  5390  5391  5392  5393  5394  5395  5396  5397  5398  5399  5400  5401  5402  5403  5404  5405  5406  5407  5408  5409  5410  5411  5412  5413  5414  5415  5416  5417  5144  5418  5422  5146  5147  5423  5424  5425  5426  5427  5428  5429  5430  5156  5433  5432  5159  5434  5437  5161  5438  5439  5440  5441  5442  5444  5173  5171  4600  4000  3687  3999  3363  3035  3036  2703  2354  1269  1640  1271   895   509   116
  380   769  1150  1523  1888  2245  2594  2935  3268  3593  3910  4219  4520  4813  5098  5375  5644  5645  5646  5647  5648  5649  5650  5651  5652  5653  5654  5655  5656  5657  5658  5659  5660  5661  5662  5663  5664  5665  5666  5667  5668  5669  5670  5671  5672  5673  5674  5675  5676  5677  5678  5679  5680  5681  5682  5683  5684  5685  5686  5420  5688  5689  5690  5691  5692  5693  5694  5695  5955  5696  5698  5699  5700  5701  5435  5703  5704  5705  5706  5707  5708  5710  5446  5443  5709  4890  4602  4001  4306  3688  3365  2355  2002  2000  1641  1272  1643   511  1273   122
  379   768  1149  1522  1887  2244  2593  2934  3267  3592  3909  4218  4519  4812  5097  5374  5643  5904  5905  5906  5907  5908  5909  5910  5911  5912  5913  5914  5915  5916  5917  5918  5919  5920  5921  5922  5923  5924  5925  5926  5927  5928  5929  5930  5931  5932  5933  5934  5935  5936  5937  5938  5939  5940  5941  5942  5943  5944  5945  5687  5947  5948  5949  5950  5951  5952  5953  5954  6206  5697  6207  5961  5958  5960  5702  5962  5963  5964  5965  5966  5967  5968  5711  5445  4893  4892  4891  4304  4305  3689  3038  2701  3042  2004  2358  2356  1644   896   512   117
  378   767  1148  1521  1886  2243  2592  2933  3266  3591  3908  4217  4518  4811  5096  5373  5642  5903  6156  6157  6158  6159  6160  6161  6162  6163  6164  6165  6166  6167  6168  6169  6170  6171  6172  6173  6174  6175  6176  6177  6178  6179  6180  6181  6182  6183  6184  6185  6186  6187  6188  6189  6190  6191  6192  6193  6194  6195  6196  5946  6197  6198  6199  6200  6202  6203  6204  6205  5957  5956  6451  6209  6208  6210  6212  6213  6214  6215  6216  6217  6218  5969  5712  5447  5175  4309  4604  4603  4002  3039  3367  3366  2357  2700   897  2006   120   510  1275   513
  377   766  1147  1520  1885  2242  2591  2932  3265  3590  3907  4216  4517  4810  5095  5372  5641  5902  6155  6400  6401  6402  6403  6404  6405  6406  6407  6408  6409  6410  6411  6412  6413  6414  6415  6416  6417  6418  6419  6420  6421  6422  6423  6424  6425  6426  6427  6428  6429  6430  6431  6432  6433  6434  6435  6436  6437  6438  6439  6440  6441  6442  6444  6201  6445  6446  6447  6448  6450  6685  6688  6453  5959  6211  6455  6456  6457  6458  6459  6460  6219  5970  5713  5449  5174  5448  4307  4605  4308  4003  3690  2704  2705  1642  1645  2003  2005  1274  1277   123
  376   765  1146  1519  1884  2241  2590  2931  3264  3589  3906  4215  4516  4809  5094  5371  5640  5901  6154  6399  6636  6637  6638  6639  6640  6641  6642  6643  6644  6645  6646  6647  6648  6649  6650  6651  6652  6653  6654  6655  6656  6657  6658  6659  6660  6661  6662  6663  6664  6665  6666  6667  6668  6669  6670  6671  6672  6673  6674  6675  6676  6677  6443  6679  6680  6681  6682  6683  6910  6686  6913  6914  6687  6689  6915  6690  6692  6693  6694  6461  6220  5972  5971  5451  5177  4894  5176  4896  4606  4004  3372  3691  3040  3041  2359  2702  1278  1276   119   124
  375   764  1145  1518  1883  2240  2589  2930  3263  3588  3905  4214  4515  4808  5093  5370  5639  5900  6153  6398  6635  6864  6865  6866  6867  6868  6869  6870  6871  6872  6873  6874  6875  6876  6877  6878  6879  6880  6881  6882  6883  6884  6885  6886  6887  6888  6889  6890  6891  6892  6893  6894  6895  6896  6897  6898  6899  6900  6901  6902  6904  6905  6678  6906  6907  6908  6909  7129  7132  6449  7134  6452  6912  7344  7136  6691  6919  6920  6695  6462  6221  5973  5714  5715  5450  4895  4607  4310  4311  4005  3368  3369  3693  3371  2007  2008   901   121   118   903
  374   763  1144  1517  1882  2239  2588  2929  3262  3587  3904  4213  4514  4807  5092  5369  5638  5899  6152  6397  6634  6863  7084  7085  7086  7087  7088  7089  7090  7091  7092  7093  7094  7095  7096  7097  7098  7099  7100  7101  7102  7103  7104  7105  7106  7107  7108  7109  7110  7111  7112  7113  7114  7115  7116  7117  7118  7119  7120  7121  6903  7122  7335  7124  7125  7127  7128  7130  6911  6684  6916  7343  7133  6454  7138  6918  7348  6921  6696  6463  6222  5974  5716  5178  4897  4898  4609  4313  3692  3694  3043  2707  3044  2360  1647  1646   514  1279   516   518
  373   762  1143  1516  1881  2238  2587  2928  3261  3586  3903  4212  4513  4806  5091  5368  5637  5898  6151  6396  6633  6862  7083  7296  7297  7298  7299  7300  7301  7302  7303  7304  7305  7306  7307  7308  7309  7310  7311  7312  7313  7314  7315  7316  7317  7318  7319  7320  7321  7322  7323  7324  7325  7326  7327  7328  7329  7330  7331  7332  7333  7123  7334  7336  7126  7338  7542  7339  7340  7341  7131  7547  7345  7135  6917  7347  7137  6922  6697  6464  6223  5975  5717  5452  5179  4610  4608  4314  4006  3045  2706  3370  2361  2364  2362  1280   900   898   125   899
  372   761  1142  1515  1880  2237  2586  2927  3260  3585  3902  4211  4512  4805  5090  5367  5636  5897  6150  6395  6632  6861  7082  7295  7500  7501  7502  7503  7504  7505  7506  7507  7508  7509  7510  7511  7512  7513  7514  7515  7516  7517  7518  7519  7520  7521  7522  7523  7524  7525  7526  7527  7528  7529  7530  7531  7532  7533  7534  7535  7536  7537  7538  7539  7337  7540  7541  7543  7926  7342  7545  7548  7346  7549  7550  7349  7139  6698  6465  6224  6466  5976  5718  5453  5180  4899  4611  4008  4007  3695  3373  3374  2363  2011  2009  1649   519   517   904   515
  371   760  1141  1514  1879  2236  2585  2926  3259  3584  3901  4210  4511  4804  5089  5366  5635  5896  6149  6394  6631  6860  7081  7294  7499  7696  7697  7698  7699  7700  7701  7702  7703  7704  7705  7706  7707  7708  7709  7710  7711  7712  7713  7714  7715  7716  7717  7718  7719  7720  7721  7722  7723  7724  7725  7726  7727  7728  7729  7730  7731  7732  7733  7734  7735  7736  7925  7738  7741  7739  7546  7742  7743  7744  7551  7350  6924  7140  6923  6699  6226  6225  5977  5454  5181  4900  4009  4612  4312  3696  3046  3375  2710  2709  2010  1651  1648   905   520   126
  370   759  1140  1513  1878  2235  2584  2925  3258  3583  3900  4209  4510  4803  5088  5365  5634  5895  6148  6393  6630  6859  7080  7293  7498  7695  7884  7885  7886  7887  7888  7889  7890  7891  7892  7893  7894  7895  7896  7897  7898  7899  7900  7901  7902  7903  7904  7905  7906  7907  7908  7909  7910  7911  7912  7913  7914  7915  7916  7917  7918  7919  7920  7921  7922  7923  7737  7924  7544  7740  7927  8108  7930  7745  7552  7142  7141  6925  6700  6467  6227  5720  5719  5457  5182  4901  4614  4316  3698  4315  3376  2708  2711  3047  2365  2012  1650   902   521   127
  369   758  1139  1512  1877  2234  2583  2924  3257  3582  3899  4208  4509  4802  5087  5364  5633  5894  6147  6392  6629  6858  7079  7292  7497  7694  7883  8064  8065  8066  8067  8068  8069  8070  8071  8072  8073  8074  8075  8076  8077  8078  8079  8080  8081  8082  8083  8084  8085  8086  8087  8088  8089  8090  8091  8092  8093  8094  8095  8096  8097  8098  8099  8100  8101  8102  8103  8104  8106  8107  7929  7928  7931  7746  7352  7351  7143  6926  6702  6701  6468  5978  5455  5721  5456  5185  4902  4010  4011  4012  3377  3049  2366  2367  1283   906   907  1281   522   128
  368   757  1138  1511  1876  2233  2582  2923  3256  3581  3898  4207  4508  4801  5086  5363  5632  5893  6146  6391  6628  6857  7078  7291  7496  7693  7882  8063  8236  8237  8238  8239  8240  8241  8242  8243  8244  8245  8246  8247  8248  8249  8250  8251  8252  8253  8254  8255  8256  8257  8258  8259  8260  8261  8262  8263  8264  8429  8265  8267  8268  8269  8270  8271  8272  8273  8274  8275  8105  8277  8278  8109  7747  7554  7553  7353  7144  6927  6703  6469  6228  5980  5979  5722  5184  5183  4613  4317  3378  3697  3048  3379  2712  2369  1652  2013  1282  1284   523   129
  367   756  1137  1510  1875  2232  2581  2922  3255  3580  3897  4206  4507  4800  5085  5362  5631  5892  6145  6390  6627  6856  7077  7290  7495  7692  7881  8062  8235  8400  8401  8402  8403  8404  8405  8406  8407  8408  8409  8410  8411  8412  8413  8414  8415  8416  8417  8418  8419  8420  8421  8422  8423  8424  8425  8426  8428  8266  8584  8430  8431  8432  8433  8434  8435  8591  8436  8438  8276  8595  8280  8279  7932  7748  7555  7354  7145  6928  6470  6471  6229  5724  5723  5459  5458  4903  4615  4318  3699  4013  3700  3050  2713  2017  2014  1285  1654   909   908   130
  366   755  1136  1509  1874  2231  2580  2921  3254  3579  3896  4205  4506  4799  5084  5361  5630  5891  6144  6389  6626  6855  7076  7289  7494  7691  7880  8061  8234  8399  8556  8557  8558  8559  8560  8561  8562  8563  8564  8565  8566  8567  8568  8569  8570  8571  8572  8573  8574  8575  8576  8577  8578  8579  8580  8582  8427  8583  8731  8585  8586  8587  8588  8589  8590  8437  8593  8740  8439  8440  8110  7935  7933  7556  7934  7355  7146  6929  6706  6704  6231  6230  5460  5725  5186  4904  4905  4319  4014  3701  3380  3051  2714  2368  1653  2016  1655  1286   524   131
  365   754  1135  1508  1873  2230  2579  2920  3253  3578  3895  4204  4505  4798  5083  5360  5629  5890  6143  6388  6625  6854  7075  7288  7493  7690  7879  8060  8233  8398  8555  8704  8705  8706  8707  8708  8709  8710  8711  8712  8713  8714  8715  8716  8717  8718  8719  8720  8721  8722  8723  8724  8725  8726  8727  8581  8729  8730  8870  8732  8733  8734  8735  8736  8737  8738  8592  8594  8596  8281  8441  8112  8113  8111  7750  7749  7147  6931  7149  6705  6472  5981  5982  5461  5187  4616  4618  4617  4015  3702  3381  3052  2715  2015  2370  1656  1287   910   525   132
  364   753  1134  1507  1872  2229  2578  2919  3252  3577  3894  4203  4504  4797  5082  5359  5628  5889  6142  6387  6624  6853  7074  7287  7492  7689  7878  8059  8232  8397  8554  8703  8844  8845  8846  8847  8848  8849  8850  8851  8852  8853  8854  8855  8856  8857  8858  8859  8860  8861  8862  8863  8864  8865  8997  8866  8728  8868  8869  8871  8872  8873  8874  8875  8877  9009  8879  8739  8597  8442  8741  8282  7936  7751  7557  7356  7148  6707  6232  6930  6233  5983  5726  5462  4908  5188  4906  4320  4321  3703  3382  3053  2716  2371  2018  1657  1288   911   526   133
  363   752  1133  1506  1871  2228  2577  2918  3251  3576  3893  4202  4503  4796  5081  5358  5627  5888  6141  6386  6623  6852  7073  7286  7491  7688  7877  8058  8231  8396  8553  8702  8843  8976  8977  8978  8979  8980  8981  8982  8983  8984  8985  8986  8987  8988  8989  8990  8991  8992  8993  8994  8995  8996  9120  8867  8998  9000  9001  9002  9003  9004  9006  9008  8876  9010  8742  8444  8878  8443  8283  8114  7752  7753  7559  7558  7357  7358  6932  6473  6474  5984  5727  5190  5463  4907  4619  4322  4016  4017  3704  3383  3054  2372  2019  1658  1289   912   527   134
  362   751  1132  1505  1870  2227  2576  2917  3250  3575  3892  4201  4502  4795  5080  5357  5626  5887  6140  6385  6622  6851  7072  7285  7490  7687  7876  8057  8230  8395  8552  8701  8842  8975  9100  9101  9102  9103  9104  9105  9106  9107  9108  9109  9110  9111  9112  9113  9114  9115  9116  9117  9118  9119  9235  9122  8999  9123  9124  9125  9126  9127  9129  9007  9130  9131  8880  8743  8598  8445  8284  8285  7937  7939  7560  7359  7150  6933  6708  6475  6234  5985  5729  5728  5189  4910  4620  4323  4018  3705  3384  2718  2717  2373  2020  1659  1290   913   528   135
  361   750  1131  1504  1869  2226  2575  2916  3249  3574  3891  4200  4501  4794  5079  5356  5625  5886  6139  6384  6621  6850  7071  7284  7489  7686  7875  8056  8229  8394  8551  8700  8841  8974  9099  9216  9217  9218  9219  9220  9221  9222  9223  9224  9225  9226  9227  9228  9229  9230  9231  9232  9233  9234  9342  9121  9237  9238  9239  9240  9242  9243  9005  9128  9132  9244  8881  8744  8599  8446  8286  8116  8115  7754  7561  7360  7151  6934  6709  6476  6235  5986  5730  5464  4909  5191  4621  4324  4019  3706  3056  3055  2719  2374  2021  1660  1291   914   529   136
  360   749  1130  1503  1868  2225  2574  2915  3248  3573  3890  4199  4500  4793  5078  5355  5624  5885  6138  6383  6620  6849  7070  7283  7488  7685  7874  8055  8228  8393  8550  8699  8840  8973  9098  9215  9324  9325  9326  9327  9328  9329  9330  9331  9332  9333  9334  9335  9336  9337  9338  9339  9340  9341  9442  9441  9343  9344  9444  9348  9447  9241  9349  9350  9245  9011  8883  8745  8600  8447  8287  8117  7938  7755  7562  7361  7152  6935  6710  6477  6236  5988  5987  5465  5192  4911  4622  4325  4020  3707  3385  3057  2720  2375  2022  1661  1292   915   530   137
  359   748  1129  1502  1867  2224  2573  2914  3247  3572  3889  4198  4499  4792  5077  5354  5623  5884  6137  6382  6619  6848  7069  7282  7487  7684  7873  8054  8227  8392  8549  8698  8839  8972  9097  9214  9323  9424  9425  9426  9427  9428  9429  9430  9431  9432  9433  9434  9435  9436  9437  9438  9439  9236  9534  9616  9533  9346  9345  9446  9347  9448  9351  9246  9012  8882  8747  8884  8449  8601  8448  7564  8120  7757  7756  7362  7153  6936  6711  6478  6237  5989  5731  5466  5193  4912  4623  4326  4021  3387  3386  3058  2721  2376  2023  1662  1293   916   531   138
  358   747  1128  1501  1866  2223  2572  2913  3246  3571  3888  4197  4498  4791  5076  5353  5622  5883  6136  6381  6618  6847  7068  7281  7486  7683  7872  8053  8226  8391  8548  8697  8838  8971  9096  9213  9322  9423  9516  9517  9518  9519  9520  9521  9522  9523  9524  9525  9526  9527  9528  9529  9530  9440  9532  9691  9443  9535  9445  9536  9538  9449  9352  9247  9133  9134  9013  8749  8603  8289  8288  7940  7941  7758  7563  7363  7154  6937  6479  6238  6239  5990  5732  5467  5194  4913  4624  4327  4022  3708  3388  3059  2722  2377  2024  1663  1294   917   532   139
  357   746  1127  1500  1865  2222  2571  2912  3245  3570  3887  4196  4497  4790  5075  5352  5621  5882  6135  6380  6617  6846  7067  7280  7485  7682  7871  8052  8225  8390  8547  8696  8837  8970  9095  9212  9321  9422  9515  9600  9601  9602  9603  9604  9605  9606  9607  9608  9609  9610  9611  9612  9613  9689  9531  9614  9617  9618  9619  9537  9620  9450  9353  9248  9135  9014  8746  8885  8292  8451  8290  8118  7942  8119  7565  7364  7155  6938  6714  6712  6481  5991  5733  5468  5195  4914  4625  4328  4023  3709  3389  3060  2723  2378  2025  1664  1295   918   533   140
  356   745  1126  1499  1864  2221  2570  2911  3244  3569  3886  4195  4496  4789  5074  5351  5620  5881  6134  6379  6616  6845  7066  7279  7484  7681  7870  8051  8224  8389  8546  8695  8836  8969  9094  9211  9320  9421  9514  9599  9676  9677  9678  9679  9680  9681  9682  9683  9684  9685  9753  9686  9687  9688  9615  9690  9759  9693  9694  9621  9539  9451  9354  8886  8750  9015  8748  8602  8604  8887  8450  7944  7943  7759  7567  7566  7365  6939  6715  6713  6480  5992  5734  5469  5196  4915  4626  4329  3711  3710  3390  3061  2724  2379  2026  1665  1296   919   534   141
  355   744  1125  1498  1863  2220  2569  2910  3243  3568  3885  4194  4495  4788  5073  5350  5619  5880  6133  6378  6615  6844  7065  7278  7483  7680  7869  8050  8223  8388  8545  8694  8835  8968  9093  9210  9319  9420  9513  9598  9675  9744  9745  9746  9747  9748  9749  9750  9810  9751  9752  9754  9755  9756  9757  9692  9758  9695  9622  9541  9540  9452  9355  9249  9250  9136  9138  8751  8752  8605  8123  8121  7945  7760  7366  7367  7156  7157  6940  6482  6240  6241  5735  5470  5197  4916  4627  4330  4024  4025  3391  3063  3062  2380  2027  1666  1297   920   535   142
  354   743  1124  1497  1862  2219  2568  2909  3242  3567  3884  4193  4494  4787  5072  5349  5618  5879  6132  6377  6614  6843  7064  7277  7482  7679  7868  8049  8222  8387  8544  8693  8834  8967  9092  9209  9318  9419  9512  9597  9674  9743  9804  9805  9806  9808  9860  9859  9809  9811  9812  9813  9815  9866  9817  9816  9761  9760  9696  9623  9542  9453  9356  9251  9137  9016  8888  9017  8608  8452  8122  8124  8294  7761  7569  7568  7158  6941  6716  6483  6242  5993  5736  5471  4917  4918  4628  4331  3714  3712  3393  2725  2727  2726  2028  1667  1298   921   536   143
  353   742  1123  1496  1861  2218  2567  2908  3241  3566  3883  4192  4493  4786  5071  5348  5617  5878  6131  6376  6613  6842  7063  7276  7481  7678  7867  8048  8221  8386  8543  8692  8833  8966  9091  9208  9317  9418  9511  9596  9673  9742  9803  9857  9901  9855  9807  9858  9861  9862  9863  9864  9814  9908  9819  9868  9818  9697  9624  9625  9543  9454  9252  9253  9139  9018  8607  8455  8753  8454  8293  7948  8453  7946  7762  7368  7159  6942  6717  6484  6243  5994  5737  5472  5198  5200  4629  4027  3713  3064  4026  2728  3715  2381  2029  1668  1299   922   537   144
  352   741  1122  1495  1860  2217  2566  2907  3240  3565  3882  4191  4492  4785  5070  5347  5616  5877  6130  6375  6612  6841  7062  7275  7480  7677  7866  8047  8220  8385  8542  8691  8832  8965  9090  9207  9316  9417  9510  9594  9595  9741  9802  9856  9900  9937  9902  9903  9904  9905  9906  9907  9865  9910  9867  9869  9820  9911  9762  9698  9544  9358  9357  9140  9019  9020  8889  8606  8609  8125  8291  7949  7947  7765  7763  7369  7160  6943  6718  6485  6244  5995  5738  4920  5199  4630  4333  4332  4028  3392  3065  2729  2382  2383  2030  1669  1300   923   538   145
  351   740  1121  1494  1859  2216  2565  2906  3239  3564  3881  4190  4491  4784  5069  5346  5615  5876  6129  6374  6611  6840  7061  7274  7479  7676  7865  8046  8219  8384  8541  8690  8831  8964  9089  9206  9315  9416  9509  9672  9740  9801  9854  9898  9853  9899  9936  9938  9939  9940  9941  9969  9942  9909  9944  9871  9821  9763  9699  9545  9456  9455  9359  9254  9141  8890  8892  8756  8754  8127  8295  8126  7764  7570  7571  7370  7161  6944  6719  6486  6245  5996  5739  5473  5474  4919  4632  4631  4334  3716  3717  3394  2730  2384  2031  1670  1301   924   539   146
  350   739  1120  1493  1858  2215  2564  2905  3238  3563  3880  4189  4490  4783  5068  5345  5614  5875  6128  6373  6610  6839  7060  7273  7478  7675  7864  8045  8218  8383  8540  8689  8830  8963  9088  9205  9314  9415  9508  9593  9671  9739  9799  9800  9897  9935  9964  9965  9966  9967  9968  9943  9971  9970  9912  9870  9765  9764  9628  9626  9546  9457  9360  9255  9142  8891  8457  8895  8296  8456  8128  8297  7950  7572  7573  7371  7162  6945  6720  6246  6247  5997  5740  5475  5201  5202  4921  4335  4029  3398  4030  3066  3067  2385  2032  1671  1302   925   540   147
  349   738  1119  1492  1857  2214  2563  2904  3237  3562  3879  4188  4489  4782  5067  5344  5613  5874  6127  6372  6609  6838  7059  7272  7477  7674  7863  8044  8217  8382  8539  8688  8829  8962  9087  9204  9313  9414  9507  9592  9670  9669  9852  9798  9896  9934  9963  9984  9996  9985  9987  9988  9972  9945  9913  9872  9766  9822  9627  9700  9547  9458  9362  9361  9021  9023  8755  8610  8611  8298  8459  8299  7951  7766  7574  7372  7163  6946  6721  6487  6489  5998  5741  5476  5203  4922  4633  4336  4031  3396  3395  3068  2731  2386  2033  1672  1303   926   541   148
  348   737  1118  1491  1856  2213  2562  2903  3236  3561  3878  4187  4488  4781  5066  5343  5612  5873  6126  6371  6608  6837  7058  7271  7476  7673  7862  8043  8216  8381  8538  8687  8828  8961  9086  9203  9312  9413  9506  9591  9668  9736  9737  9738  9851  9933  9983  9982  9995  9986  9998  9989  9946  9948  9914  9824  9767  9823  9701  9629  9550  9548  9459  9257  9256  9144  9143  8757  8759  8612  8458  8300  8129  7952  7767  7373  7164  6947  6722  6490  6488  6249  5999  5477  5204  4923  4634  4337  4032  3397  3718  3069  2732  2387  2034  1673  1304   927   542   149
  347   736  1117  1490  1855  2212  2561  2902  3235  3560  3877  4186  4487  4780  5065  5342  5611  5872  6125  6370  6607  6836  7057  7270  7475  7672  7861  8042  8215  8380  8537  8686  8827  8960  9085  9202  9311  9412  9504  9505  9590  9735  9797  9850  9895  9961  9962  9960  9993  9999  9992  9990  9973  9915  9947  9873  9826  9702  9631  9630  9549  9460  9363  9259  9145  9022  8894  8897  9025  8460  8131  7954  7953  7768  7575  7374  7165  6948  6723  6491  6000  6248  5742  5478  5205  4924  4338  4033  3720  3719  3399  3070  2733  2388  2035  1674  1305   928   543   150
  346   735  1116  1489  1854  2211  2560  2901  3234  3559  3876  4185  4486  4779  5064  5341  5610  5871  6124  6369  6606  6835  7056  7269  7474  7671  7860  8041  8214  8379  8536  8685  8826  8959  9084  9201  9310  9410  9411  9589  9667  9666  9796  9849  9894  9932  9931  9981  9997  9994  9977  9991  9974  9916  9875  9874  9769  9703  9705  9825  9633  9461  9260  9364  9258  8896  8893  8613  8760  8758  8463  7955  7770  7769  7576  7375  7166  6949  6724  6250  6251  5743  5744  5206  5207  4925  4635  4339  4034  3721  3400  3071  2734  2389  2036  1675  1306   929   544   151
  345   734  1115  1488  1853  2210  2559  2900  3233  3558  3875  4184  4485  4778  5063  5340  5609  5870  6123  6368  6605  6834  7055  7268  7473  7670  7859  8040  8213  8378  8535  8684  8825  8958  9083  9200  9309  9503  9502  9588  9734  9733  9795  9848  9893  9930  9959  9980  9979  9978  9976  9975  9950  9949  9917  9876  9827  9704  9632  9768  9551  9365  9462  9261  9146  9024  9147  8614  8461  8130  8462  8132  7771  7577  7578  7376  7167  6950  6725  6492  6002  6001  5745  5479  4926  4637  4636  4340  4035  3722  3401  3072  2735  2390  2037  1676  1307   930   545   152
  344   733  1114  1487  1852  2209  2558  2899  3232  3557  3874  4183  4484  4777  5062  5339  5608  5869  6122  6367  6604  6833  7054  7267  7472  7669  7858  8039  8212  8377  8534  8683  8824  8957  9082  9199  9308  9409  9587  9586  9793  9665  9794  9847  9892  9929  9958  9957  9956  9955  9954  9953  9952  9951  9918  9877  9828  9770  9707  9706  9552  9463  9366  9148  9027  9026  8898  8761  8615  8616  8301  8302  7956  7772  7377  7168  7169  6951  6726  6493  6252  6003  6005  5480  5208  4927  4638  4341  4036  3723  3402  3073  2736  2391  2038  1677  1308   931   546   153
  343   732  1113  1486  1851  2208  2557  2898  3231  3556  3873  4182  4483  4776  5061  5338  5607  5868  6121  6366  6603  6832  7053  7266  7471  7668  7857  8038  8211  8376  8533  8682  8823  8956  9081  9198  9307  9408  9501  9585  9663  9732  9792  9846  9891  9928  9927  9926  9925  9924  9923  9922  9921  9920  9919  9878  9829  9771  9772  9634  9553  9464  9367  9262  9149  9028  8899  8762  8617  8464  8303  8133  8134  7957  7579  7170  7379  6952  6727  5747  6004  5746  5481  5482  5209  4928  4639  4342  4037  3724  3403  3074  2737  2392  2039  1678  1309   932   547   154
  342   731  1112  1485  1850  2207  2556  2897  3230  3555  3872  4181  4482  4775  5060  5337  5606  5867  6120  6365  6602  6831  7052  7265  7470  7667  7856  8037  8210  8375  8532  8681  8822  8955  9080  9197  9306  9406  9499  9407  9500  9662  9731  9845  9890  9889  9888  9887  9886  9885  9884  9883  9882  9881  9880  9879  9830  9773  9708  9635  9554  9465  9368  9263  9150  9029  8900  8763  8618  8465  8304  8135  7958  7773  7580  7378  7171  6953  6254  6494  6496  6253  5748  5483  5210  4929  4640  4343  4038  3725  3404  3075  2738  2393  2040  1679  1310   933   548   155
  341   730  1111  1484  1849  2206  2555  2896  3229  3554  3871  4180  4481  4774  5059  5336  5605  5866  6119  6364  6601  6830  7051  7264  7469  7666  7855  8036  8209  8374  8531  8680  8821  8954  9079  9305  9195  9498  9405  9584  9664  9661  9730  9791  9843  9842  9841  9840  9839  9838  9837  9836  9835  9834  9833  9832  9831  9774  9709  9636  9555  9466  9369  9264  9151  9030  8901  8764  8619  8466  8305  8136  7959  7774  7581  7380  6954  6728  6255  6495  6256  6006  5749  5484  5211  4930  4641  4344  4039  3726  3405  3076  2739  2394  2041  1680  1311   934   549   156
  340   729  1110  1483  1848  2205  2554  2895  3228  3553  3870  4179  4480  4773  5058  5335  5604  5865  6118  6363  6600  6829  7050  7263  7468  7665  7854  8035  8208  8373  8530  8679  8820  8953  9078  9196  9304  9404  9497  9583  9729  9659  9790  9844  9788  9787  9786  9785  9784  9783  9782  9781  9780  9779  9778  9777  9776  9775  9710  9637  9556  9467  9370  9265  9152  9031  8902  8765  8620  8467  8306  8137  7960  7775  7582  7381  6956  6955  6730  6729  6257  6007  5750  5485  5212  4931  4642  4345  4040  3727  3406  3077  2740  2395  2042  1681  1312   935   550   157
  339   728  1109  1482  1847  2204  2553  2894  3227  3552  3869  4178  4479  4772  5057  5334  5603  5864  6117  6362  6599  6828  7049  7262  7467  7664  7853  8034  8206  8372  8678  8526  8528  9077  9074  9194  9303  9403  9582  9581  9660  9727  9726  9789  9725  9724  9723  9722  9721  9720  9719  9718  9717  9716  9715  9714  9713  9712  9711  9638  9557  9468  9371  9266  9153  9032  8903  8766  8621  8468  8307  8138  7961  7776  7583  7382  7172  7173  6731  6497  6498  6008  5751  5486  5213  4932  4643  4346  4041  3728  3407  3078  2741  2396  2043  1682  1313   936   551   158
  338   727  1108  1481  1846  2203  2552  2893  3226  3551  3868  4177  4478  4771  5056  5333  5602  5863  6116  6361  6598  6827  7048  7261  7466  7663  7852  8033  8371  8207  8676  8370  8951  8819  8817  9076  9302  9402  9496  9398  9580  9728  9656  9655  9654  9653  9652  9651  9650  9649  9648  9647  9646  9645  9644  9643  9642  9641  9640  9639  9558  9469  9372  9267  9154  9033  8904  8767  8622  8469  8308  8139  7962  7777  7584  7383  7174  6957  6732  6499  6258  6009  5752  5487  5214  4933  4644  4347  4042  3729  3408  3079  2742  2397  2044  1683  1314   937   552   159
  337   726  1107  1480  1845  2202  2551  2892  3225  3550  3867  4176  4477  4770  5055  5332  5601  5862  6115  6360  6597  6826  7047  7260  7465  7662  7851  8032  8205  8527  8525  8677  8952  9072  8950  9193  9301  9495  9401  9399  9657  9578  9577  9576  9575  9574  9573  9572  9571  9570  9569  9568  9567  9566  9565  9564  9563  9562  9561  9560  9559  9470  9373  9268  9155  9034  8905  8768  8623  8470  8309  8140  7963  7778  7585  7384  7175  6958  6733  6500  6259  6010  5753  5488  5215  4934  4645  4348  4043  3730  3409  3080  2743  2398  2045  1684  1315   938   553   160
  336   725  1106  1479  1844  2201  2550  2891  3224  3549  3866  4175  4476  4769  5054  5331  5600  5861  6114  6359  6596  6825  7046  7259  7464  7661  7850  8031  8204  8369  8524  8529  8675  8818  9192  8816  9075  9299  9492  9493  9658  9491  9490  9489  9488  9487  9486  9485  9484  9483  9482  9481  9480  9479  9478  9477  9476  9475  9474  9473  9472  9471  9374  9269  9156  9035  8906  8769  8624  8471  8310  8141  7964  7779  7586  7385  7176  6959  6734  6501  6260  6011  5754  5489  5216  4935  4646  4349  4044  3731  3410  3081  2744  2399  2046  1685  1316   939   554   161
  335   724  1105  1478  1843  2200  2549  2890  3223  3548  3865  4174  4475  4768  5053  5330  5599  5860  6113  6358  6595  6824  7045  7258  7463  7660  7849  8030  8203  8368  8815  8948  9300  8949  9069  9188  9297  9185  9191  9579  9494  9395  9292  9394  9393  9392  9391  9390  9389  9388  9387  9386  9385  9384  9383  9382  9381  9380  9379  9378  9377  9376  9375  9270  9157  9036  8907  8770  8625  8472  8311  8142  7965  7780  7587  7386  7177  6960  6735  6502  6261  6012  5755  5490  5217  4936  4647  4350  4045  3732  3411  3082  2745  2400  2047  1686  1317   940   555   162
  334   723  1104  1477  1842  2199  2548  2889  3222  3547  3864  4173  4474  4767  5052  5329  5598  5859  6112  6357  6594  6823  7044  7257  7462  7659  7848  8029  8202  8367  8672  8813  8523  9071  8814  9073  8946  9190  9187  9294  9293  9182  9396  9291  9290  9289  9288  9287  9286  9285  9284  9283  9282  9281  9280  9279  9278  9277  9276  9275  9274  9273  9272  9271  9158  9037  8908  8771  8626  8473  8312  8143  7966  7781  7588  7387  7178  6961  6736  6503  6262  6013  5756  5491  5218  4937  4648  4351  4046  3733  3412  3083  2746  2401  2048  1687  1318   941   556   163
  333   722  1103  1476  1841  2198  2547  2888  3221  3546  3863  4172  4473  4766  5051  5328  5597  5858  6111  6356  6593  6822  7043  7256  7461  7658  7847  8028  8201  8366  8673  8947  8674  9296  8943  9070  9400  9068  9186  9397  9183  9063  9181  9180  9179  9178  9177  9176  9175  9174  9173  9172  9171  9170  9169  9168  9167  9166  9165  9164  9163  9162  9161  9160  9159  9038  8909  8772  8627  8474  8313  8144  7967  7782  7589  7388  7179  6962  6737  6504  6263  6014  5757  5492  5219  4938  4649  4352  4047  3734  3413  3084  2747  2402  2049  1688  1319   942   557   164
  332   721  1102  1475  1840  2197  2546  2887  3220  3545  3862  4171  4472  4765  5050  5327  5596  5857  6110  6355  6592  6821  7042  7255  7460  7657  7846  8027  8200  8365  8522  8671  8811  8945  8942  8941  9184  9189  9295  9065  8936  9064  9062  9061  9060  9059  9058  9057  9056  9055  9054  9053  9052  9051  9050  9049  9048  9047  9046  9045  9044  9043  9042  9041  9040  9039  8910  8773  8628  8475  8314  8145  7968  7783  7590  7389  7180  6963  6738  6505  6264  6015  5758  5493  5220  4939  4650  4353  4048  3735  3414  3085  2748  2403  2050  1689  1320   943   558   165
  331   720  1101  1474  1839  2196  2545  2886  3219  3544  3861  4170  4471  4764  5049  5326  5595  5856  6109  6354  6591  6820  7041  7254  7459  7656  7845  8026  8199  8364  8521  8812  8810  8809  8944  8664  8805  8937  9067  9066  8938  8801  8935  8934  8933  8932  8931  8930  8929  8928  8927  8926  8925  8924  8923  8922  8921  8920  8919  8918  8917  8916  8915  8914  8913  8912  8911  8774  8629  8476  8315  8146  7969  7784  7591  7390  7181  6964  6739  6506  6265  6016  5759  5494  5221  4940  4651  4354  4049  3736  3415  3086  2749  2404  2051  1690  1321   944   559   166
  330   719  1100  1473  1838  2195  2544  2885  3218  3543  3860  4169  4470  4763  5048  5325  5594  5855  6108  6353  6590  6819  7040  7253  7458  7655  7844  8025  8198  8363  8520  8668  8670  8669  8665  8806  8662  9298  8939  8940  8802  8800  8657  8799  8798  8797  8796  8795  8794  8793  8792  8791  8790  8789  8788  8787  8786  8785  8784  8783  8782  8781  8780  8779  8778  8777  8776  8775  8630  8477  8316  8147  7970  7785  7592  7391  7182  6965  6740  6507  6266  6017  5760  5495  5222  4941  4652  4355  4050  3737  3416  3087  2750  2405  2052  1691  1322   945   560   167
  329   718  1099  1472  1837  2194  2543  2884  3217  3542  3859  4168  4469  4762  5047  5324  5593  5854  6107  6352  6589  6818  7039  7252  7457  7654  7843  8024  8197  8362  8519  8667  8516  8808  8666  8514  8663  8510  8661  8803  8659  8658  8506  8505  8504  8656  8654  8652  8651  8650  8649  8648  8647  8646  8645  8644  8643  8642  8641  8640  8639  8638  8637  8636  8635  8634  8633  8632  8631  8478  8317  8148  7971  7786  7593  7392  7183  6966  6741  6508  6267  6018  5761  5496  5223  4942  4653  4356  4051  3738  3417  3088  2751  2406  2053  1692  1323   946   561   168
  328   717  1098  1471  1836  2193  2542  2883  3216  3541  3858  4167  4468  4761  5046  5323  5592  5853  6106  6351  6588  6817  7038  7251  7456  7653  7842  8023  8196  8361  8518  8517  8515  8355  8354  8807  8513  8804  8509  8660  8508  8507  8347  8179  8655  8503  8653  8502  8500  8499  8498  8497  8496  8495  8494  8493  8492  8491  8490  8489  8488  8487  8486  8485  8484  8483  8482  8481  8480  8479  8318  8149  7972  7787  7594  7393  7184  6967  6742  6509  6268  6019  5762  5497  5224  4943  4654  4357  4052  3739  3418  3089  2752  2407  2054  1693  1324   947   562   169
  327   716  1097  1470  1835  2192  2541  2882  3215  3540  3857  4166  4467  4760  5045  5322  5591  5852  6105  6350  6587  6816  7037  7250  7455  7651  7652  7841  8022  8360  8359  8358  8357  8356  8188  8353  8512  8511  8352  8351  8349  8181  8348  8180  8346  8343  8175  8501  8341  8340  8339  8338  8337  8336  8335  8334  8333  8332  8331  8330  8329  8328  8327  8326  8325  8324  8323  8322  8321  8320  8319  8150  7973  7788  7595  7394  7185  6968  6743  6510  6269  6020  5763  5498  5225  4944  4655  4358  4053  3740  3419  3090  2753  2408  2055  1694  1325   948   563   170
  326   715  1096  1469  1834  2191  2540  2881  3214  3539  3856  4165  4466  4759  5044  5321  5590  5851  6104  6349  6586  6815  7036  7249  7454  7650  7840  8020  8195  8019  8192  8191  8190  8014  8189  8187  8186  8185  8184  8350  8182  8006  8004  8344  8345  8177  8176  8342  8174  8173  8172  8171  8170  8169  8168  8167  8166  8165  8164  8163  8162  8161  8160  8159  8158  8157  8156  8155  8154  8153  8152  8151  7974  7789  7596  7395  7186  6969  6744  6511  6270  6021  5764  5499  5226  4945  4656  4359  4054  3741  3420  3091  2754  2409  2056  1695  1326   949   564   171
  325   714  1095  1468  1833  2190  2539  2880  3213  3538  3855  4164  4465  4758  5043  5320  5589  5850  6103  6348  6585  6814  7035  7248  7453  7649  7839  7837  8194  8021  8018  8017  7833  7831  8013  8012  8011  8010  8009  8183  7824  8007  8005  8003  8178  7819  8001  8000  7999  7998  7997  7996  7995  7994  7993  7992  7991  7990  7989  7988  7987  7986  7985  7984  7983  7982  7981  7980  7979  7978  7977  7976  7975  7790  7597  7396  7187  6970  6745  6512  6271  6022  5765  5500  5227  4946  4657  4360  4055  3742  3421  3092  2755  2410  2057  1696  1327   950   565   172
  324   713  1094  1467  1832  2189  2538  2879  3212  3537  3854  4163  4464  4757  5042  5319  5588  5849  6102  6347  6584  6813  7034  7247  7452  7648  7838  7836  7835  8193  7834  8015  8016  7832  7830  7829  7828  7827  7826  8008  7633  7823  7822  7821  8002  7820  7818  7817  7816  7815  7814  7813  7812  7811  7810  7809  7808  7807  7806  7805  7804  7803  7802  7801  7800  7799  7798  7797  7796  7795  7794  7793  7792  7791  7598  7397  7188  6971  6746  6513  6272  6023  5766  5501  5228  4947  4658  4361  4056  3743  3422  3093  2756  2411  2058  1697  1328   951   566   173
  323   712  1093  1466  1831  2188  2537  2878  3211  3536  3853  4162  4463  4756  5041  5318  5587  5848  6101  6346  6583  6812  7033  7246  7451  7449  7647  7646  7645  7644  7643  7642  7641  7640  7639  7637  7231  7438  7635  7825  7433  7434  7632  7630  7629  7628  7627  7626  7625  7624  7623  7622  7621  7620  7619  7618  7617  7616  7615  7614  7613  7612  7611  7610  7609  7608  7607  7606  7605  7604  7603  7602  7601  7600  7599  7398  7189  6972  6747  6514  6273  6024  5767  5502  5229  4948  4659  4362  4057  3744  3423  3094  2757  2412  2059  1698  1329   952   567   174
  322   711  1092  1465  1830  2187  2536  2877  3210  3535  3852  4161  4462  4755  5040  5317  5586  5847  6100  6345  6582  6811  7032  7245  7450  7242  7448  7447  7446  7445  7444  7443  7442  7441  7439  7638  7232  7636  7228  7634  7226  7225  7631  7430  7429  7222  7428  7427  7426  7425  7424  7423  7422  7421  7420  7419  7418  7417  7416  7415  7414  7413  7412  7411  7410  7409  7408  7407  7406  7405  7404  7403  7402  7401  7400  7399  7190  6973  6748  6515  6274  6025  5768  5503  5230  4949  4660  4363  4058  3745  3424  3095  2758  2413  2060  1699  1330   953   568   175
  321   710  1091  1464  1829  2186  2535  2876  3209  3534  3851  4160  4461  4754  5039  5316  5585  5846  6099  6344  6581  6810  7030  7031  7244  7243  7241  7240  7239  7238  7237  7236  7235  7234  7440  7233  7016  7435  7437  7436  7227  7011  7432  7431  7008  7223  7221  7220  7219  7218  7217  7216  7215  7214  7213  7212  7211  7210  7209  7208  7207  7206  7205  7204  7203  7202  7201  7200  7199  7198  7197  7196  7195  7194  7193  7192  7191  6974  6749  6516  6275  6026  5769  5504  5231  4950  4661  4364  4059  3746  3425  3096  2759  2414  2061  1700  1331   954   569   176
  320   709  1090  1463  1828  2185  2534  2875  3208  3533  3850  4159  4460  4753  5038  5315  5584  5845  6098  6343  6580  6809  7029  6806  7028  7027  7026  7025  7024  7023  7022  7021  7020  7019  7018  7017  6793  7229  7230  7014  7012  6787  7009  7224  7007  6784  7006  7005  7004  7003  7002  7001  7000  6999  6998  6997  6996  6995  6994  6993  6992  6991  6990  6989  6988  6987  6986  6985  6984  6983  6982  6981  6980  6979  6978  6977  6976  6975  6750  6517  6276  6027  5770  5505  5232  4951  4662  4365  4060  3747  3426  3097  2760  2415  2062  1701  1332   955   570   177
  319   708  1089  1462  1827  2184  2533  2874  3207  3532  3849  4158  4459  4752  5037  5314  5583  5844  6097  6342  6579  6808  6807  6575  6335  6805  6803  6802  6801  6800  6799  6798  6797  6796  6795  6794  6561  7015  6321  7013  6559  7010  6788  6786  6785  6783  6553  6782  6781  6780  6779  6778  6777  6776  6775  6774  6773  6772  6771  6770  6769  6768  6767  6766  6765  6764  6763  6762  6761  6760  6759  6758  6757  6756  6755  6754  6753  6752  6751  6518  6277  6028  5771  5506  5233  4952  4663  4366  4061  3748  3427  3098  2761  2416  2063  1702  1333   956   571   178
  318   707  1088  1461  1826  2183  2532  2873  3206  3531  3848  4157  4458  4751  5036  5313  5582  5843  6096  6341  6578  6577  6576  6089  6336  6574  6332  6572  6570  6569  6568  6567  6566  6565  6564  6563  6792  6562  6789  6560  6790  6558  6556  6317  6555  6554  6552  6551  6550  6549  6548  6547  6546  6545  6544  6543  6542  6541  6540  6539  6538  6537  6536  6535  6534  6533  6532  6531  6530  6529  6528  6527  6526  6525  6524  6523  6522  6521  6520  6519  6278  6029  5772  5507  5234  4953  4664  4367  4062  3749  3428  3099  2762  2417  2064  1703  1334   957   572   179
  317   706  1087  1460  1825  2182  2531  2872  3205  3530  3847  4156  4457  4750  5035  5312  5581  5842  6095  6340  6339  6338  6090  6337  6087  6804  6573  6571  6331  6330  6329  6328  6327  6326  6325  6324  6323  6322  6791  6319  6557  5816  6318  6069  6316  6315  6313  6312  6310  6063  6309  6308  6307  6306  6305  6304  6303  6302  6301  6300  6299  6298  6297  6296  6295  6294  6293  6292  6291  6290  6289  6288  6287  6286  6285  6284  6283  6282  6281  6280  6279  6030  5773  5508  5235  4954  4665  4368  4063  3750  3429  3100  2763  2418  2065  1704  1335   958   573   180
  316   705  1086  1459  1824  2181  2530  2871  3204  3529  3846  4155  4456  4749  5034  5311  5580  5841  6094  6093  6092  6091     0  6088  5833  6333  6086  6085  6084  6083  6082  6081  6080  6079  6078  6077  6076  6075  6320  5556  6073  6071  5551  6070  6067  6314  6066  6311  6065  5808  6062  6061  6060  6059  6058  6057  6056  6055  6054  6053  6052  6051  6050  6049  6048  6047  6046  6045  6044  6043  6042  6041  6040  6039  6038  6037  6036  6035  6034  6033  6032  6031  5774  5509  5236  4955  4666  4369  4064  3751  3430  3101  2764  2419  2066  1705  1336   959   574   181
  315   704  1085  1458  1823  2180  2529  2870  3203  3528  3845  4154  4455  4748  5033  5310  5579  5840  5839  5838  5837  5836  5835  5834  5832  6334  5831  5830  5829  5828  5827  5826  5825  5824  5823  5822  5821  5820  6072  6074  5819  5818  5552  5815  6068  5812  5811  5810  6064  5809  5807  5806  5805  5804  5803  5802  5801  5800  5799  5798  5797  5796  5795  5794  5793  5792  5791  5790  5789  5788  5787  5786  5785  5784  5783  5782  5781  5780  5779  5778  5777  5776  5775  5510  5237  4956  4667  4370  4065  3752  3431  3102  2765  2420  2067  1706  1337   960   575   182
  314   703  1084  1457  1822  2179  2528  2869  3202  3527  3844  4153  4454  4747  5032  5309  5578  5577  5576  5575  5574  5573  5572  5571  5570  5569  5568  5567  5566  5565  5564  5563  5562  5561  5560  5559  5558  5557  5285  5555  5554  5817  5553  5550  5813  5549  5548  5547  5546  5545  5544  5543  5542  5541  5540  5539  5538  5537  5536  5535  5534  5533  5532  5531  5530  5529  5528  5527  5526  5525  5524  5523  5522  5521  5520  5519  5518  5517  5516  5515  5514  5513  5512  5511  5238  4957  4668  4371  4066  3753  3432  3103  2766  2421  2068  1707  1338   961   576   183
  313   702  1083  1456  1821  2178  2527  2868  3201  3526  3843  4152  4453  4746  5031  5308  5307  5306  5305  5304  5303  5302  5301  5300  5299  5298  5297  5296  5295  5294  5293  5292  5291  5290  5289  5288  5287  5286  5284  5283  5004  5282  5280  5000  5279  5278  5277  5276  5275  5274  5273  5272  5271  5270  5269  5268  5267  5266  5265  5264  5263  5262  5261  5260  5259  5258  5257  5256  5255  5254  5253  5252  5251  5250  5249  5248  5247  5246  5245  5244  5243  5242  5241  5240  5239  4958  4669  4372  4067  3754  3433  3104  2767  2422  2069  1708  1339   962   577   184
  312   701  1082  1455  1820  2177  2526  2867  3200  3525  3842  4151  4452  4745  5030  5029  5028  5027  5026  5025  5024  5023  5022  5021  5020  5019  5018  5017  5016  5015  5014  5013  5012  5011  5010  5009  5008  5007  5006  5005  4717  5003  5281  5814  5001  4999  4998  4997  4996  4995  4994  4993  4992  4991  4990  4989  4988  4987  4986  4985  4984  4983  4982  4981  4980  4979  4978  4977  4976  4975  4974  4973  4972  4971  4970  4969  4968  4967  4966  4965  4964  4963  4962  4961  4960  4959  4670  4373  4068  3755  3434  3105  2768  2423  2070  1709  1340   963   578   185
  311   700  1081  1454  1819  2176  2525  2866  3199  3524  3841  4150  4451  4744  4743  4742  4741  4740  4739  4738  4737  4736  4735  4734  4733  4732  4731  4730  4729  4728  4727  4726  4725  4724  4723  4722  4721  4720  4719  4718  4716  4421  5002  4714  4713  4712  4711  4710  4709  4708  4707  4706  4705  4704  4703  4702  4701  4700  4699  4698  4697  4696  4695  4694  4693  4692  4691  4690  4689  4688  4687  4686  4685  4684  4683  4682  4681  4680  4679  4678  4677  4676  4675  4674  4673  4672  4671  4374  4069  3756  3435  3106  2769  2424  2071  1710  1341   964   579   186
  310   699  1080  1453  1818  2175  2524  2865  3198  3523  3840  4149  4450  4449  4448  4447  4446  4445  4444  4443  4442  4441  4440  4439  4438  4437  4436  4435  4434  4433  4432  4431  4430  4429  4428  4427  4426  4425  4424  4423  4422  4420  4715  4419  4418  4417  4416  4415  4414  4413  4412  4411  4410  4409  4408  4407  4406  4405  4404  4403  4402  4401  4400  4399  4398  4397  4396  4395  4394  4393  4392  4391  4390  4389  4388  4387  4386  4385  4384  4383  4382  4381  4380  4379  4378  4377  4376  4375  4070  3757  3436  3107  2770  2425  2072  1711  1342   965   580   187
  309   698  1079  1452  1817  2174  2523  2864  3197  3522  3839  4148  4147  4146  4145  4144  4143  4142  4141  4140  4139  4138  4137  4136  4135  4134  4133  4132  4131  4130  4129  4128  4127  4126  4125  4124  4123  4122  4121  4120  4119  4118  4117  4116  4115  4114  4113  4112  4111  4110  4109  4108  4107  4106  4105  4104  4103  4102  4101  4100  4099  4098  4097  4096  4095  4094  4093  4092  4091  4090  4089  4088  4087  4086  4085  4084  4083  4082  4081  4080  4079  4078  4077  4076  4075  4074  4073  4072  4071  3758  3437  3108  2771  2426  2073  1712  1343   966   581   188
  308   697  1078  1451  1816  2173  2522  2863  3196  3521  3838  3837  3836  3835  3834  3833  3832  3831  3830  3829  3828  3827  3826  3825  3824  3823  3822  3821  3820  3819  3818  3817  3816  3815  3814  3813  3812  3811  3810  3809  3808  3807  3806  3805  3804  3803  3802  3801  3800  3799  3798  3797  3796  3795  3794  3793  3792  3791  3790  3789  3788  3787  3786  3785  3784  3783  3782  3781  3780  3779  3778  3777  3776  3775  3774  3773  3772  3771  3770  3769  3768  3767  3766  3765  3764  3763  3762  3761  3760  3759  3438  3109  2772  2427  2074  1713  1344   967   582   189
  307   696  1077  1450  1815  2172  2521  2862  3195  3520  3519  3518  3517  3516  3515  3514  3513  3512  3511  3510  3509  3508  3507  3506  3505  3504  3503  3502  3501  3500  3499  3498  3497  3496  3495  3494  3493  3492  3491  3490  3489  3488  3487  3486  3485  3484  3483  3482  3481  3480  3479  3478  3477  3476  3475  3474  3473  3472  3471  3470  3469  3468  3467  3466  3465  3464  3463  3462  3461  3460  3459  3458  3457  3456  3455  3454  3453  3452  3451  3450  3449  3448  3447  3446  3445  3444  3443  3442  3441  3440  3439  3110  2773  2428  2075  1714  1345   968   583   190
  306   695  1076  1449  1814  2171  2520  2861  3194  3193  3192  3191  3190  3189  3188  3187  3186  3185  3184  3183  3182  3181  3180  3179  3178  3177  3176  3175  3174  3173  3172  3171  3170  3169  3168  3167  3166  3165  3164  3163  3162  3161  3160  3159  3158  3157  3156  3155  3154  3153  3152  3151  3150  3149  3148  3147  3146  3145  3144  3143  3142  3141  3140  3139  3138  3137  3136  3135  3134  3133  3132  3131  3130  3129  3128  3127  3126  3125  3124  3123  3122  3121  3120  3119  3118  3117  3116  3115  3114  3113  3112  3111  2774  2429  2076  1715  1346   969   584   191
  305   694  1075  1448  1813  2170  2519  2860  2859  2858  2857  2856  2855  2854  2853  2852  2851  2850  2849  2848  2847  2846  2845  2844  2843  2842  2841  2840  2839  2838  2837  2836  2835  2834  2833  2832  2831  2830  2829  2828  2827  2826  2825  2824  2823  2822  2821  2820  2819  2818  2817  2816  2815  2814  2813  2812  2811  2810  2809  2808  2807  2806  2805  2804  2803  2802  2801  2800  2799  2798  2797  2796  2795  2794  2793  2792  2791  2790  2789  2788  2787  2786  2785  2784  2783  2782  2781  2780  2779  2778  2777  2776  2775  2430  2077  1716  1347   970   585   192
  304   693  1074  1447  1812  2169  2518  2517  2516  2515  2514  2513  2512  2511  2510  2509  2508  2507  2506  2505  2504  2503  2502  2501  2500  2499  2498  2497  2496  2495  2494  2493  2492  2491  2490  2489  2488  2487  2486  2485  2484  2483  2482  2481  2480  2479  2478  2477  2476  2475  2474  2473  2472  2471  2470  2469  2468  2467  2466  2465  2464  2463  2462  2461  2460  2459  2458  2457  2456  2455  2454  2453  2452  2451  2450  2449  2448  2447  2446  2445  2444  2443  2442  2441  2440  2439  2438  2437  2436  2435  2434  2433  2432  2431  2078  1717  1348   971   586   193
  303   692  1073  1446  1811  2168  2167  2166  2165  2164  2163  2162  2161  2160  2159  2158  2157  2156  2155  2154  2153  2152  2151  2150  2149  2148  2147  2146  2145  2144  2143  2142  2141  2140  2139  2138  2137  2136  2135  2134  2133  2132  2131  2130  2129  2128  2127  2126  2125  2124  2123  2122  2121  2120  2119  2118  2117  2116  2115  2114  2113  2112  2111  2110  2109  2108  2107  2106  2105  2104  2103  2102  2101  2100  2099  2098  2097  2096  2095  2094  2093  2092  2091  2090  2089  2088  2087  2086  2085  2084  2083  2082  2081  2080  2079  1718  1349   972   587   194
  302   691  1072  1445  1810  1809  1808  1807  1806  1805  1804  1803  1802  1801  1800  1799  1798  1797  1796  1795  1794  1793  1792  1791  1790  1789  1788  1787  1786  1785  1784  1783  1782  1781  1780  1779  1778  1777  1776  1775  1774  1773  1772  1771  1770  1769  1768  1767  1766  1765  1764  1763  1762  1761  1760  1759  1758  1757  1756  1755  1754  1753  1752  1751  1750  1749  1748  1747  1746  1745  1744  1743  1742  1741  1740  1739  1738  1737  1736  1735  1734  1733  1732  1731  1730  1729  1728  1727  1726  1725  1724  1723  1722  1721  1720  1719  1350   973   588   195
  301   690  1071  1444  1443  1442  1441  1440  1439  1438  1437  1436  1435  1434  1433  1432  1431  1430  1429  1428  1427  1426  1425  1424  1423  1422  1421  1420  1419  1418  1417  1416  1415  1414  1413  1412  1411  1410  1409  1408  1407  1406  1405  1404  1403  1402  1401  1400  1399  1398  1397  1396  1395  1394  1393  1392  1391  1390  1389  1388  1387  1386  1385  1384  1383  1382  1381  1380  1379  1378  1377  1376  1375  1374  1373  1372  1371  1370  1369  1368  1367  1366  1365  1364  1363  1362  1361  1360  1359  1358  1357  1356  1355  1354  1353  1352  1351   974   589   196
  300   689  1070  1069  1068  1067  1066  1065  1064  1063  1062  1061  1060  1059  1058  1057  1056  1055  1054  1053  1052  1051  1050  1049  1048  1047  1046  1045  1044  1043  1042  1041  1040  1039  1038  1037  1036  1035  1034  1033  1032  1031  1030  1029  1028  1027  1026  1025  1024  1023  1022  1021  1020  1019  1018  1017  1016  1015  1014  1013  1012  1011  1010  1009  1008  1007  1006  1005  1004  1003  1002  1001  1000   999   998   997   996   995   994   993   992   991   990   989   988   987   986   985   984   983   982   981   980   979   978   977   976   975   590   197
  299   688   687   686   685   684   683   682   681   680   679   678   677   676   675   674   673   672   671   670   669   668   667   666   665   664   663   662   661   660   659   658   657   656   655   654   653   652   651   650   649   648   647   646   645   644   643   642   641   640   639   638   637   636   635   634   633   632   631   630   629   628   627   626   625   624   623   622   621   620   619   618   617   616   615   614   613   612   611   610   609   608   607   606   605   604   603   602   601   600   599   598   597   596   595   594   593   592   591   198
  298   297   296   295   294   293   292   291   290   289   288   287   286   285   284   283   282   281   280   279   278   277   276   275   274   273   272   271   270   269   268   267   266   265   264   263   262   261   260   259   258   257   256   255   254   253   252   251   250   249   248   247   246   245   244   243   242   241   240   239   238   237   236   235   234   233   232   231   230   229   228   227   226   225   224   223   222   221   220   219   218   217   216   215   214   213   212   211   210   209   208   207   206   205   204   203   202   201   200   199
